1,15020,16987,17010,18651,20521,20527,21240,21456,21888
2,19728,21773,21849,21929,21966,21977,21978,21981,21983,21984,21986
3,21782,21861,21895,21942,21976,21982,21988
4,18108,21893,21973
5,19389,21569,21661,21937,21977
6,7403,7404,14426,17760,19059,21820,21948,21973
7,6746,15402,15713,17644,19502,20062,21720,21763,21829,21857,21921,21954
8,16067,16586,20600,20660,20682,20684,21494,21616,21866,21978,21983,21986,21988
9,18244,21808,21876,21975,21979
10,20851,20908,21000,21642,21741,21966,21984
11,20408,21695,21715,21782,21809,21922,21943,21955,21989
12,16056,21506,21622,21731,21965,21977,21989
13,20018,21540,21720,21861,21968
14,20415,21825,21856,21898,21973
15,7975,20807,21678,21770
16,21336,21856,21962
17,20426,21653,21898,21950,21973,21979,21984,21986
18,21508,21821,21891,21922,21967,21968,21971,21982
19,21616,21654,21743,21819,21938,21946,21953,21956,21975,21989
20,9575,18169,20170,21483,21912,21944,21951
21,16816,17755,19776,21374,21638,21860,21947,21979,21981,21984,21989
22,20682,21392,21654,21734,21743,21947,21950,21977,21986,21987,21989
23,21595,21810,21969,21988
24,18971,19495,20179,21013,21631,21716,21937
25,15288,19074,21496,21854,21917
26,10668,19144,20289,21048,21221,21227,21484,21840,21937,21975
27,21367,21893,21910,21987
28,21465,21633,21836,21873,21948,21958,21986
29,14008,16294,20450,21922,21953
30,21631,21790,21941,21984
31,20668,21134,21465,21959,21963
32,21121,21845,21900,21929,21970,21988
33,18165,21700,21898,21915,21962,21973,21981,21983,21986,21989
34,21271,21759,21931,21985,21989
35,20101,20966,21415,21496,21531,21707,21764,21922,21930,21970,21982
36,20031,20482,21211,21789,21895,21969,21979,21989
37,21046,21222,21650,21969,21977,21985
38,16357,18603,20132,21162,21567,21788,21832,21910,21935
39,19531,21235,21972
40,20792,21419,21869
41,21281,21584,21914,21920,21921,21954,21987,21989
42,19679,21182,21744,21970,21971,21989
43,21881,21930,21972,21981,21985
44,21654,21740
45,20714,21475,21813,21926,21946,21969,21982,21988
46,21567,21847,21961,21982,21989
47,20350,21251,21823,21939,21989
48,19854,20940
49,20007,21525,21713,21803,21912,21916,21919,21987,21988,21989
50,21782,21897,21959,21960,21989
51,14967,20214,20929,21391,21423,21908,21922,21946,21954,21959,21962
52,21710,21941,21957,21967,21968,21969,21985
53,19788,20489,21920,21935,21948,21973
54,21425,21939,21976,21982
55,21068,21626,21977,21983,21984,21985,21989
56,21929,21950,21977,21984,21988
57,9180,21413,21649,21919,21924,21926,21948,21989
58,21559,21930,21963,21985
59,18255,18331,21193,21846,21915,21974
60,20283,20614,21051,21938,21964,21987,21989
61,16802,17088,20818,21712,21927,21950,21986,21987,21988
62,21255,21433,21945,21946,21972
63,7201,19998,21706,21731,21786,21860,21959,21964,21974,21980,21983,21987
64,20561,21841,21979
65,15319,20103,20626,20680,21636,21705,21950,21986,21989
66,21009,21804,21817,21885
67,19760,20309,21140,21607,21669,21758,21846,21931,21944,21951
68,20090,21296,21710,21913
69,963,19572,21213,21581,21639,21838,21842,21909,21919,21947,21952,21957,21988
70,15746,21449,21874,21942
71,21212,21774,21847,21849,21954,21975,21978,21982,21983,21984
72,21637,21717,21886,21951
73,13984,20209,21434,21453,21789,21988
74,20995,21712,21905,21922,21955,21989
75,14103,19589,21208,21578,21895,21897,21918,21988
76,18226,20711,20949,21818,21840,21963,21984
77,21250,21635,21948
78,17744,21225,21871,21985
79,17705,21238,21943,21961,21982
80,20926,21136,21525,21872,21966,21989
81,17926,18629,21000,21287,21541,21642,21752,21774,21817
82,19735,20684,21501,21736,21747,21838,21963,21989
83,17113,21746,21781,21849,21888,21908,21928,21966,21977,21983,21988,21989
84,20291,21343,21440,21630,21789,21863,21864,21981,21989
85,9669,20071,20167,21979,21988
86,21172,21363,21613,21717,21822,21826,21950,21957,21970,21971,21985,21987,21989
87,10475,21188,21643,21855,21914,21928,21940,21989
88,15044,20864,21384,21678,21788,21811
89,21598,21727,21899,21969,21977,21981,21982,21983,21984,21986,21989
90,20719,21118,21764,21889,21903,21941,21967,21978,21983
91,21894,21914,21942,21958,21959
92,13183,20153,20397,21271,21885,21890,21928,21942,21973,21978
93,20616,20803,20927,21078,21379,21539,21783,21928,21963,21974,21977,21986
94,20675,21358,21973,21976,21983,21984
95,19906,20846,21121,21834,21836,21944,21987,21988
96,16981,20355,21699,21747,21841,21908,21926,21928,21951,21955,21959,21962,21977,21989
97,20941,21428,21460,21983,21986,21989
98,19696,21197,21943,21956,21959,21978,21980,21981,21987
99,13691,19769,20351,21491,21516,21813,21920,21946
100,17976,18187,20312,20996,21742,21830,21904,21987
101,12132,17087,18350,18511,19089,19946,20234,20854,21558,21937,21972
102,21084,21754,21757,21970,21985
103,21844,21914,21920,21954
104,19327,21266,21350,21741,21818,21969,21976
105,21529,21807,21811,21867,21916,21950,21986,21989
106,20670,20780,21258,21384,21769,21833,21879
107,19216,21393,21714,21721,21956,21967,21970,21978,21989
108,21411,21529,21539,21705,21888,21950,21984,21989
109,18403,21842,21909,21930,21988
110,6095,20214,21051,21622,21906,21989
111,20385,21049,21954,21965,21978,21980,21989
112,20567,21498,21694,21868,21872,21897,21935,21949,21951,21973
113,8470,20629,21236,21824,21856,21894,21898,21968
114,21181,21571,21707,21887,21914,21954
115,15382,15719,19914,21248,21411,21537,21783
116,14055,21467,21764,21859,21957,21970
117,19002,21507,21836,21879,21986,21989
118,18010,18092,21225,21724,21916,21957,21981,21986,21988
119,20697,20844,21653,21708,21896,21950,21978,21981,21983,21986,21987,21989
120,12327,16889,19169,21617,21791,21838,21842,21853,21900,21913,21975,21988
121,14218,20872,21575,21793,21824,21892,21988
122,5340,19664,20931,21452,21924,21942,21989
123,20741,21748,21814,21826,21891,21952,21980,21986,21989
124,21961,21966,21982,21988
125,12362,20773,21217,21938,21980,21989
126,18281,20978,21528,21868,21912,21961
127,19177,21405,21968,21973,21976,21982
128,21582,21866,21958,21979,21988,21989
129,18439,18933,19333,21902,21906,21943,21958,21977,21989
130,20713,21594,21883,21905,21969,21979
131,20666,21481,21557,21744,21954,21984,21985
132,21688,21918,21943,21981
133,5907,12766,15529,18932,21376,21499,21632,21701,21704,21907,21913,21941,21956,21964,21978,21984,21987,21988
134,21932,21985
135,21703,21726,21901
136,21311,21503,21690,21988
137,19748,21176,21537,21816,21961
138,21763,21846,21948,21968
139,9316,14663,21602,21933
140,21394,21566,21957,21964,21967,21969,21970,21985,21987
141,17861,20121,21472,21489,21597,21679,21839,21916,21953,21971,21976,21986
142,21907,21927,21958,21961
143,21741,21762,21771,21831,21848,21923,21972
144,20741,21469,21880,21882,21935,21968,21985
145,21478,21593,21670,21809,21936,21961,21978
146,19449,21372,21940,21948
147,20742,21391,21912,21976,21979,21982
148,3560,21570,21914,21947,21965
149,15826,19216,21714,21881,21946,21957,21968,21970,21978,21985
150,20074,21099,21262,21459,21953,21975
151,21499,21660,21933,21950,21956,21984,21988,21989
152,20070,20334,21658,21864,21957,21979
153,18728,21439,21730,21805,21978,21979,21983,21989
154,21782,21920,21958,21988
155,20070,20621,21238,21562,21984,21988
156,20284,20521,21900,21912,21975,21978,21983,21986,21989
157,3803,20997,21547,21731,21831,21891,21930,21972,21981,21984
158,20529,21939,21945,21976
159,19569,21277,21534,21543,21877,21951,21986
160,21073,21651,21853,21909,21956,21983,21986
161,20551,21220,21464,21635,21938,21952,21961,21980,21987
162,21342,21400,21678,21851
163,19458,21624,21754,21860,21952,21956,21972,21980,21984
164,20967,21700,21898,21973,21984,21989
165,20883,21277,21528,21741,21859,21906,21909,21984
166,21489,21679,21812,21904,21905,21938,21942,21983,21984,21989
167,21238,21839,21975,21983,21986
168,21088,21916,21933,21984,21988
169,19500,21325,21455,21812,21908,21929,21985,21989
170,20130,20555,21968,21979,21985
171,20781,21508,21557,21922,21953,21955,21962,21984
172,21511,21528,21832,21941,21982
173,20579,20901,21720,21863,21953,21976
174,21702,21779,21783,21973,21978
175,13641,21635,21681,21889,21966,21979
176,21101,21707,21754,21787,21860,21914,21987
177,11213,19858,20195,21034,21536,21619,21837,21842,21896,21980,21981,21983,21987
178,15005,20493,21003,21568,21597,21866,21948,21955,21989
179,21911,21929,21967,21970
180,18098,21321,21834,21879,21925
181,19454,21436,21785,21793,21988,21989
182,18428,20914,21373,21698,21876,21944,21986,21989
183,12206,15028,19285,21727,21813,21838,21886,21957,21989
184,13360,19663,21386,21649,21769,21801,21820,21928,21931,21954,21967,21968
185,16978,18057,18526,18532,20928,21099,21553,21724,21888,21916,21978,21988
186,20902,21244,21676,21868,21873,21983,21984,21985,21987,21989
187,18318,20903,21524,21843,21942,21951,21974
188,17062,19958,20282,21074,21115,21427,21985
189,11602,21414,21792,21968,21973
190,19859,21164,21486,21920,21952,21972
191,17023,18182,20457,21108,21494,21698,21778,21837,21866,21874,21957,21959,21969,21979,21987
192,19372,21140,21736,21908,21925,21961
193,19351,21674,21900,21976,21982
194,17821,21772,21817,21973
195,21792,21915,21958,21968,21971
196,10156,19714,19873,20899,21233,21541,21567,21835,21963
197,13739,19410,21508,21586,21767,21858,21883
198,21312,21890,21917,21949,21972
199,15344,18344,20018,20702,20714,21201,21413,21474,21678,21682,21699,21953,21976,21987
200,20387,21422,21527,21533,21776,21829,21960,21978
201,20051,20249,20543,21482,21919,21963,21989
202,21701,21764,21918,21921,21926,21931,21942,21951,21959,21967
203,20786,21677,21940,21949,21973,21987,21988
204,17475,17548,21841,21985
205,20542,20915,21895
206,20441,21827,21887,21893
207,20699,21224,21682,21815
208,18646,21145,21513,21872,21884,21922,21923,21955,21979,21988
209,21051,21546,21779,21980,21986,21989
210,19858,20648,21423,21521,21893,21982,21986
211,21953,21965,21973,21975,21976
212,20543,21761,21950,21986,21989
213,19266,21953,21976
214,17950,21066,21550,21868,21956,21957,21986,21987,21988
215,18546,19426,20380,21289,21405,21638,21639,21805,21849,21968,21969,21983,21989
216,15039,18187,21301,21866,21888,21950,21955,21959,21966,21986
217,18932,21933,21934,21941,21958,21989
218,21500,21772,21802,21940,21949,21959,21966,21973
219,20959,21762,21934,21953,21972
220,21454,21730,21899,21979,21981,21983,21984,21989
221,15203,20992,21248,21317,21576,21714,21731,21848,21855,21878,21978,21989
222,21865,21935,21948,21965
223,19065,20346,20738,21914,21920,21959,21977,21987
224,20737,20914,21614,21988
225,12757,19702,20317,21159,21988
226,19820,20683,21936,21981,21989
227,21398,21784,21942,21950,21986,21989
228,20815,21047
229,21345,21693,21742,21802,21949,21973,21982
230,15403,20514,21765,21905,21968,21983,21985,21987,21989
231,17054,18337,21521,21569,21673
232,12779,17392,20063,20239,21638,21706,21731,21884,21899,21947,21961,21963,21978,21980,21983,21987
233,7443,18871,21157,21700,21958
234,19074,21609,21816,21975,21982
235,21754,21860,21902,21940,21954,21975
236,21454,21730,21979,21983,21984,21989
237,20893,21355,21399,21949,21970,21978,21982,21989
238,16912,18700,19117,19659,21673,21985
239,21710,21783,21883,21968,21978,21979,21985,21986
240,286,20949,21846,21944,21961,21965
241,5702,10072,19633,19768,20803,21130,21712,21830,21904,21942,21963,21980,21983,21986,21987,21989
242,18520,20549,21854,21869,21882,21935,21948,21973
243,21588,21932,21971,21985
244,20801,21400,21514,21850,21966,21980
245,20470,20502,20725,21546,21802,21823,21956,21978,21980,21986
246,19724,20646,21873,21935,21948,21955,21969,21987,21989
247,21342,21678,21722,21867,21926,21988
248,17132,21375,21549,21673,21860,21960,21982
249,12084,18318,19151,20031,20174,21313,21331,21488,21710,21716,21839,21913,21947,21963,21977,21986,21987
250,17671,21835,21843,21980,21983,21989
251,21693,21757,21844,21869,21970
252,19866,20142,20652,21537,21644,21942,21959,21976,21987
253,2850,10404,16445,21842,21849,21953,21956,21975,21976,21981,21983,21984,21986,21987
254,16590,21173,21776,21824,21825,21950,21969,21981,21983,21984,21986,21989
255,17173,17493,20236,21507,21917,21989
256,15954,21285,21884,21957,21963,21965,21980,21982,21989
257,21806,21916,21933,21989
258,20789,21401,21577,21619,21914,21955,21967,21968,21970,21985
259,21252,21808,21906,21950,21971,21973,21979,21989
260,10800,13378,21239,21752,21777,21902,21922,21925,21958
261,21967,21970,21971,21985
262,21359,21386,21553,21786,21801,21858,21989
263,21792,21902,21973
264,21485,21505,21518,21835,21875,21981,21984,21986,21987
265,21428,21460,21963,21988
266,21726,21961
267,21396,21561,21754,21934,21952,21972,21978
268,14319,17932,19642,21138,21376,21555,21662,21955,21967
269,20671,20734,21141,21777,21840,21858,21938,21950,21958,21977,21987,21988,21989
270,1529,15801,17363,20570,21103,21412,21585,21630,21775,21822,21859,21928,21937,21952,21984
271,21095,21546,21642,21804,21885,21934,21978,21980,21984,21989
272,19137,21895,21949,21973,21976,21982
273,20596,21270,21428,21460,21631,21761,21951,21963,21978,21980,21987
274,18726,19512,21461,21614,21627,21904,21932,21969,21981,21983,21987,21989
275,20242,21819,21874,21877,21912,21942,21976,21982,21987,21989
276,15504,20779,21962,21985
277,19093,21371,21808,21889,21906,21963,21979,21981
278,21779,21933,21958,21966,21978,21981,21989
279,14819,20552,20626,21133,21872,21965,21975
280,15914,19663,20299,21226,21693,21820,21889
281,21637,21742,21820,21881,21886,21887,21974,21978
282,1833,21030,21320,21644,21793,21985
283,20515,21916,21968,21979,21985
284,19895,20434,21466,21693,21782,21897
285,21853,21938,21962,21970,21989
286,18694,21506,21945,21979
287,21208,21647,21789,21960,21963
288,19728,21076,21303,21773,21849,21886,21900,21971,21975,21983,21986
289,14735,19927,21930
290,21807,21867,21934
291,16902,19533,20534,21464,21634,21944,21971,21989
292,18563,21014
293,20158,20748,21864,21976,21982
294,16171,18861,21265,21716
295,21930,21948,21977
296,21303,21905,21922,21968,21975
297,21470,21689,21814,21982
298,20000,20953,21418,21551,21653,21884,21950,21986,21989
299,14460,21203,21291,21579,21850,21902
300,20008,20064,20272,20480,20513,21800,21816,21823,21869,21947,21961,21987,21989
301,21688,21745,21763,21791,21821,21976,21985
302,17671,21303,21587,21969,21975,21989
303,18169,19725,21559,21815
304,21146,21200,21220,21731,21800,21813,21878,21976
305,19783,21006,21164,21696,21988
306,15091,20451,21483,21595,21614,21827,21874,21930,21936
307,19649,20160,21893,21897,21980
308,21192,21508,21524,21776,21928,21960,21977,21982,21989
309,20751,21254,21909,21976
310,17840,21742,21855,21878,21965,21972
311,18514,20903,21780,21863,21961,21966,21989
312,21807,21911,21971
313,10460,19937,21575,21766,21800,21892,21929,21978,21986,21989
314,19378,21792,21965,21973
315,17057,21289,21795,21963
316,21167,21425,21470,21699,21942,21956,21963,21965
317,16206,16791,21252,21961,21969,21973
318,20123,20550,21703,21865,21970,21984,21989
319,20657,20965,21421,21679,21838,21988,21989
320,20308,21297,21788,21910
321,17208,18232,20270,21435,21695,21975,21978,21980,21982,21983
322,18685,20053,21189,21961,21966,21982
323,19557,20877,21192,21473,21847,21955,21985
324,17649,19553,21288,21787,21925
325,18899,20535,20983,21054,21675,21698,21719,21784,21841,21974,21988
326,21590,21639,21709,21786,21841,21889,21907,21952,21966,21985
327,16052,21072,21430,21632,21899,21928,21940,21943,21974,21980,21983,21984,21989
328,18032,21911,21954,21962,21971
329,21710,21938,21941,21951,21969,21977,21981
330,20083,20907,21046,21867,21933,21965,21986,21988
331,21493,21818,21901,21904,21949,21981
332,19510,19780,20490,21965,21974
333,20977,21412,21795,21917,21939
334,21194,21828,21925,21937,21948,21979
335,21623,21837,21901
336,21695,21850,21966,21971,21977,21982
337,19543,20138,20600,21723,21756,21871,21925,21979,21987,21988
338,20218,20494,21074,21474,21723,21921,21974,21986
339,20951,21655,21771,21938,21950,21964,21989
340,18177,19804,20552,21018,21784,21837,21955,21975
341,19031,20297,21968
342,20393,21150,21961
343,7787,7788,14983,18768,20736,21326,21495,21546,21620,21772,21901,21919,21928,21977,21986
344,17357,18546,20757,20883,21840,21893,21944,21964,21986
345,21848,21930,21949,21952,21956,21972
346,21205,21526,21760,21980,21986,21989
347,1753,1754,9983,13851,15863,16792,16915,19276,20927,21587,21627,21969,21987
348,19920,20178,21190,21235,21856,21965,21975,21977,21987,21989
349,18365,19207,21876,21989
350,20844,21589,21790,21976
351,12533,21293,21548,21760,21912,21924,21951,21976,21980
352,21123,21686,21857,21870,21876,21966,21967
353,21644,21668,21879
354,163,18071,18544,21038,21815,21959,21974,21987,21989
355,21389,21751,21753,21884,21907,21927,21953,21976,21986,21988
356,21035,21138,21589,21953,21973,21976
357,21761,21872,21876,21895,21966,21982,21989
358,20241,20329,20884,21925,21937,21965,21968,21977,21979,21981,21985
359,2788,16801,21940
360,21382,21561,21914,21946
361,19433,21219,21706,21805,21958,21962,21987,21989
362,16012,20530,21460,21833,21935,21941
363,20815,21287,21885,21974
364,16411,21164,21838,21839,21904,21920,21922,21954,21959,21982,21984,21986,21987
365,21908,21938,21962,21963,21980,21989
366,20540,20616,21645,21951
367,19394,21693,21960
368,20670,20895,21150,21321,21479,21864,21915,21946,21971
369,14437,20199,20494,21968,21985
370,21628,21811,21910,21982,21986,21989
371,18052,20878,21668,21980,21983
372,16312,17025,18888,20816,20841,21673,21675,21778,21841,21922,21927,21986,21987
373,19231,20516,21362,21693,21757,21970
374,21509,21633,21727,21798,21838,21886,21936,21951,21956
375,20828,21895,21898,21927,21973,21983,21988
376,21824,21947,21977,21981,21983,21986,21988
377,19953,21972,21973,21988
378,21544,21687,21755,21933,21951,21963
379,19527,20639,21565,21797,21971
380,21151,21545,21662,21671,21955,21967,21971,21985
381,19711,21525,21692,21886,21946,21956,21981,21983,21988
382,19250,19331,20311,21867
383,21129,21265,21724,21791,21916,21964,21967,21988
384,21734,21936,21984
385,20213,20564,21781,21925,21937,21979
386,20527,21966,21976,21982
387,20616,21841,21943,21980,21989
388,10685,20212,21346,21803,21976
389,21515,21661,21795,21922,21955,21982,21988
390,21732,21829,21989
391,21932,21968,21974,21977
392,20621,20831,21632,21798,21829,21883,21989
393,21718,21806,21963,21967
394,21087,21644,21819,21870,21906,21973,21974,21988
395,21767,21898,21922,21968,21969,21973,21986,21989
396,604,20472,20707,21699,21740,21957,21974
397,13592,13685,19224,20602,21601,21759,21938,21964,21968,21977,21981,21989
398,21207,21634,21674
399,15180,21235,21546,21840,21901
400,21446,21575,21638,21973,21989
401,16547,21726,21813,21915,21922,21927,21943,21947,21955,21968,21979,21985
402,21039,21606,21933,21982,21988
403,21619,21944,21972,21985
404,5718,16049,17960,19410,21789,21858,21889
405,18859,20421,21768,21977
406,20324,20986,21107,21708,21945,21982,21989
407,21533,21743,21767,21781,21800,21860,21985,21986
408,16731,20021,21170,21429,21837
409,957,12213,16421,16477,19789,20471,20659,21099,21395,21401,21669,21687,21692,21775,21784,21811,21871,21936,21942,21954,21985,21987
410,3553,19432,21598,21913,21955,21985
411,21167,21930,21961,21965
412,17003,21508,21791,21897,21960,21967,21984,21985
413,15015,17554,21644,21868,21976,21982
414,19802,20802,20927,21784,21909,21910,21952,21960,21981,21988
415,21721,21755,21790,21856,21859,21878,21982,21987,21989
416,20454,21289,21309,21868,21897,21968
417,18910,20633,21603,21650,21762,21952,21970,21979,21986,21987,21989
418,20763,21294,21878,21903,21965,21970,21987
419,21342,21343,21440,21781,21965,21974,21982,21986
420,21767,21881,21971,21986
421,18277,19167,19592,21932,21985,21987
422,20365,20876,21628,21839,21946,21976
423,21760,21904,21927,21950,21967,21989
424,14823,21316,21500,21546,21817,21890,21949,21956,21959,21978,21987
425,21240,21272,21638,21644,21912,21988,21989
426,14286,21905,21955,21979,21985
427,18923,20983,21229,21781,21864,21867,21911,21932,21971,21985
428,21743,21805,21918,21944,21962,21989
429,17276,20637,20691,21163,21406,21593,21824,21837,21870,21884,21892,21898,21907,21955,21959,21969,21989
430,21087,21776,21852,21861,21959,21973,21974
431,18727,19754,21103,21277,21589,21760,21837,21904,21950,21988
432,18058,20678,20681,21870,21874,21938,21952,21970,21986,21989
433,20761,21386,21769,21886,21960,21968,21977
434,21695,21759,21904,21927,21945,21961,21966,21977,21982,21983,21988,21989
435,15168,21174,21557,21763,21902,21956,21964,21970,21971
436,9507,20344,21636,21734,21963,21966,21989
437,21677,21774,21840,21989
438,12603,21578,21976
439,16260,21802,21974
440,16848,21388,21498,21689,21722,21755,21814,21867,21912,21989
441,21128,21342,21470,21689,21957
442,19738,20415,21497,21700,21770,21968,21969,21985
443,21648,21971,21977,21988,21989
444,20807,21806,21970,21989
445,20900,21135,21850,21862,21917,21926,21961,21987
446,19272,19285,20287,21777,21894
447,21077,21854,21865,21937,21974,21982
448,19518,21871,21880,21898,21973,21981,21989
449,20790,21545,21935,21971,21975,21982,21988
450,19695,19823,21187,21212,21446,21847,21908,21945,21962,21987,21988
451,15690,17116,18823,19833,20196,21187,21284,21829,21860,21960,21984
452,21232,21493,21726,21887,21922
453,14648,21649,21863,21874,21909,21946,21976,21982
454,20960,21880,21899,21947,21977,21978,21983,21989
455,21887,21894,21914
456,20091,20442,20679,20876,20923,20993,21829,21850,21852
457,7073,21131,21212,21600,21899,21904,21919,21954,21983,21989
458,20675,21842,21876,21895,21909,21925,21979,21983,21987,21988
459,21255,21973
460,20109,20564,21668,21706,21813,21879,21925,21985
461,9198,15065,20372,20848,21276,21694,21703
462,20620,21895,21923,21933,21935,21988
463,1146,20674,21945,21972,21973,21984
464,21890,21949,21956,21973,21974
465,18211,21092,21836,21986,21988
466,20567,21584,21944,21945,21949,21961,21989
467,21740,21762,21939,21956,21974
468,17831,19253,21560,21710,21748,21979
469,18704,21468,21546,21777,21808,21946,21977,21989
470,13012,14196,19683,21878,21969
471,20431,21428,21775,21843,21919,21942,21946,21956,21989
472,5855,21798,21929,21966,21967,21984,21988
473,19424,21131,21917,21961,21989
474,19556,21044,21989
475,21486,21691,21948,21973
476,21624,21773,21916,21975,21977
477,18716,19647,21358,21580,21663,21710,21845,21892,21941,21969,21989
478,20659,21674,21870,21924,21935,21988
479,21797,21883,21982,21985
480,14327,18176,20487,21988
481,17072,20169,20319,20678,20837,20933,21137,21267,21439,21614,21665,21765,21843,21853,21862,21892,21916,21944,21947,21977,21980,21982,21987,21988,21989
482,21291,21490,21581,21787,21860,21911,21968,21985
483,21206,21600,21814,21826,21976,21980,21982
484,17570,21840,21885,21951,21982
485,14049,19440,20645,21555,21650,21933,21943,21969,21971,21989
486,19298,20840,21647,21748,21891,21902,21972,21984
487,21908,21955,21962,21988
488,17717,20764,21076,21766,21768,21881,21968,21985,21987
489,19290,21875,21884,21989
490,21151,21419,21629,21671,21722,21975
491,21138,21790,21856,21913,21988
492,21684,21726,21951,21973
493,21397,21819,21904,21909,21920,21950,21951,21978
494,16937,20531,21412,21763,21767,21974,21986
495,21358,21742,21892,21988
496,19021,19302,20700,21282,21656,21784
497,17907,21285,21600,21602,21845,21951,21980
498,19369,19941,20550,21765,21980,21983,21984,21988
499,20845,21686,21850,21870,21886,21943,21980
500,21440,21514,21961,21986
501,20432,21603,21910,21986,21988
502,17290,18289,20743
503,12579,20093,20464,20838,20864,21740,21910,21989
504,19784,20526,21913,21933,21988
505,20527,20633,20896,21694,21884,21917
506,20407,20617,21302,21807,21947,21980,21983
507,21308,21973
508,5792,17812,21465,21933,21969
509,19473,21666,21832,21913,21935,21944,21971,21989
510,21308,21968,21982
511,16569,18502,21104,21328,21973,21975
512,20047,20087,21777,21920,21963,21968,21985
513,20895,21337,21788
514,15227,21490,21932,21969
515,20219,21262,21841,21865,21966,21968,21985
516,15258,16123,21560,21818,21858
517,20224,21727,21738,21831,21954,21965,21972
518,20857,21346,21870
519,21196,21806,21917,21921,21989
520,20735,21624,21975
521,19135,21739,21837,21847
522,21130,21417,21824,21873,21989
523,21612,21855,21943,21988
524,19305,19375,20702,21609,21694,21816,21947,21989
525,17174,17745,20113,21502,21524,21767,21803,21827,21978
526,20795,21225,21930,21959,21960,21962,21987
527,21698,21857,21871,21905
528,20599,21380,21703,21732,21833
529,5432,18686,18943,20497
530,18737,21682,21712,21834,21873,21887,21982
531,21745,21939,21985
532,21875,21898,21956,21973,21981,21983,21986
533,21265,21502,21524,21893,21977
534,15071,16864,20270,20723,20920,21716,21938
535,6241,13120,18673,19684,20369,20485,21341,21683,21733,21945
536,19572,21899,21904,21962,21975,21982,21986
537,11847,19112,21257,21474,21475,21686,21727,21800,21955,21967,21969,21974,21978,21980,21986
538,21365,21520,21859,21989
539,21561,21848,21920,21940,21952,21954,21972
540,12013,20960,21238,21938,21944,21980,21989
541,19046,20367,20422,21910,21931,21965,21989
542,21930,21975,21978,21984
543,11543,16765,20331,21688,21816,21963,21975
544,21824,21875,21947,21989
545,21032,21551,21712,21925,21937,21974,21979,21982
546,20836,21458,21858,21929,21980,21989
547,20835,21007,21097,21787,21915,21935,21961,21989
548,7110,14615,20246,20451,21081,21184,21419,21475,21580,21822,21909,21924,21931,21952,21987
549,21786,21803,21889
550,6788,12766,17889,19227,19977,20147,20459,21168,21171,21332,21347,21490,21532,21592,21617,21654,21770,21913,21947,21971,21981,21987,21989
551,21772,21782,21863,21922,21953
552,18990,20206,20983,21802,21831,21901,21934,21942
553,20870,21223,21795,21961,21979,21980,21982
554,19486,21077,21382,21539,21638,21720,21959,21974,21989
555,16696,17450,20380,21739,21743,21760,21904,21952,21957,21966,21989
556,10121,14531,18758,21122,21225,21397,21468,21770,21957,21976
557,21082,21838,21961,21975,21986
558,17680,19427,20437,20870,21233,21764,21795,21839,21989
559,20977,21793,21840,21934,21957,21989
560,20015,21517,21799,21910,21936,21968,21985
561,19926,20027,20913,20944,21790,21953,21976,21981
562,20090,21348,21566,21605,21682,21760,21927,21961
563,20681,21683,21921,21961
564,19779,21798,21799,21966
565,21674,21938,21950,21961,21962
566,21156,21260,21301,21808,21864,21881,21937,21942,21960,21968,21984,21988
567,20463,21148,21282,21384,21703,21737,21964,21965,21968,21975
568,18318,20865,21301,21437,21646,21654,21800,21899,21969,21984,21989
569,21683,21967,21985
570,21937,21948,21960,21968,21974,21977,21987
571,15352,19836,19842,21137,21888,21907,21940,21944,21953,21955,21976,21978,21987
572,18174,20631,21515,21682,21971,21982
573,14292,17942,19511,20833,21038,21201,21444,21804,21980,21989
574,20126,20293,21459,21703,21923,21945,21968
575,20901,21732,21884,21975,21982,21988
576,18977,20801,21391,21440,21809,21850,21863,21867,21982,21986,21987
577,20501,21570,21823,21921,21939,21970,21986,21989
578,19115,21014,21659,21827,21829,21908,21947,21989
579,19887,21508,21775,21915,21922,21928,21981,21982,21984,21986,21987
580,20805,21411,21618,21792,21871,21963
581,21232,21506,21714,21893
582,21258,21481,21881
583,20437,21201,21361,21989
584,21197,21534,21633,21894,21946,21952,21956,21972
585,16539,19505,20172,21025,21245,21953,21976
586,299,9237,13428,15083,18746,20609,21746,21784,21862,21966,21988
587,21339,21619
588,18326,20926,21478,21502,21670,21843,21967,21986,21988
589,20703,21075,21202,21967,21968,21985,21989
590,18266,20567,21188,21625,21855,21862,21895,21944,21949,21975
591,19716,20994,21389,21510,21550,21674,21787,21911,21924,21964,21971,21984,21988
592,9234,21242,21841,21937
593,21698,21767,21807,21867,21952,21956,21974,21986
594,20797,21778,21847,21948,21961,21978,21983
595,15617,21397,21543,21809,21839,21938,21962,21963,21980
596,21894,21965
597,17274,19956,21730,21911,21919,21939,21966,21989
598,21790,21856,21951
599,20525,21793,21960,21968
600,20996,21153,21278,21796,21955,21957,21989
601,17879,21303,21779,21819,21888,21926,21932,21936,21944,21963,21975,21978,21981,21984,21986
602,20515,21477,21806,21823,21939,21986
603,15375,20480,21239,21420,21682,21873,21907,21968,21970
604,19669,21381,21802,21817,21885
605,16366,17667,20123,21559,21838,21850,21980,21986
606,21366,21946,21962,21988
607,7161,14698,21428,21564,21705,21856,21878,21988
608,21570,21930,21940,21970,21972,21984
609,20915,21404,21461,21782,21877,21882,21968,21969,21985
610,21515,21922,21929,21967
611,20327,21072,21277,21285,21633,21705,21731,21919,21954,21966,21970,21987
612,21784,21908,21920,21944,21948
613,21529,21582,21646,21807,21989
614,18014,21835,21843,21876,21892,21898
615,16928,20602,20661,21853,21895,21909,21937,21968,21987,21988
616,21579,21851,21917
617,20743,21502,21548,21843,21976
618,21740,21866,21896,21908,21962,21989
619,12451,21918,21951,21966
620,19576,20793,21408,21753,21833,21989
621,19606,21324,21604,21863,21956,21970,21975,21982
622,20112,21107,21508,21533,21565,21675,21960,21984
623,10396,15478,21262,21569,21922
624,18424,20466,21586,21914,21955,21959,21966,21987
625,21695,21945,21961,21966,21986,21989
626,20019,20725,21627,21978,21983
627,20951,21011,21388,21952,21987,21989
628,21100,21384,21454,21582,21600,21620,21730,21764,21962,21985,21987
629,21588,21609,21744,21911,21971,21989
630,1324,21217,21584,21734,21914,21936,21986,21989
631,18749,21669,21809,21919,21928,21938,21978,21980,21984,21985,21987,21989
632,20823,21459,21651,21793,21857
633,10610,20648,20836,21423,21543,21927,21980
634,21716,21858,21897,21989
635,18747,20671,21591,21722,21773,21913,21926,21928,21989
636,13298,13940,14128,17904,21151,21311,21347,21671,21772,21919,21932,21934,21973
637,21604,21902,21926,21975,21978,21980,21982,21983,21986
638,21773,21953,21973,21975
639,20017,21920,21940,21954,21972,21986
640,1883,21797,21922,21958,21968
641,21439,21824,21843,21905,21989
642,20575,20981,21766,21881,21882,21985
643,19693,21293,21632,21760,21775,21946,21961,21962,21978,21980,21983
644,21789,21883,21905,21960,21979
645,19725,20585,20697,20838,21711,21811,21969
646,21164,21486,21892,21920,21952,21972
647,16650,17758,18312,18396,19116,19894,21397,21543,21622,21639,21928
648,17112,20272,20888,21839,21968,21970,21988
649,21758,21968,21985
650,21496,21579,21773,21917,21954,21978
651,21161,21468,21546,21641,21772,21899,21926,21958,21970,21975,21986
652,5818,5819,11303,19291,20227,20541,20861
653,19210,19860,20053,21953,21976,21989
654,1349,21531,21738,21821,21859,21965,21979,21985,21987
655,21570,21577,21868,21881,21951
656,20177,20666,21487,21565
657,17701,21519,21556,21608,21847,21866,21918,21948,21955,21962,21987
658,21887,21922,21973,21982
659,21810,21944,21951,21962,21979
660,21181,21626,21741,21848,21851,21865,21946,21972
661,21255,21954,21965,21967,21972,21981
662,21396,21412,21504,21557,21939,21974
663,21210,21277,21480,21915,21985
664,16005,18225,21603,21855,21896,21938,21967,21970,21971,21981,21983,21988,21989
665,18396,20697,21060,21146,21800,21878,21989
666,18171,21183,21357,21813,21860,21925,21926,21974
667,12795,17418,20524,21003,21963
668,21403,21677,21945,21949,21972,21978
669,19078,21928,21956,21978,21983,21989
670,20977,21199,21354,21450,21917,21962,21986,21989
671,20609,21681,21864,21942,21989
672,11724,18217,20124,20229,21471,21510,21631,21858,21969,21977,21982,21988
673,15083,19905,21584,21637,21744,21983,21986,21989
674,20694,21860,21967,21969
675,16813,21221,21827,21964,21975,21983
676,19890,20428,20482,21258,21768,21845,21963,21981,21987
677,15237,17731,21102,21299,21326,21520,21947,21975,21976,21978,21982,21983
678,16894,20125,21412,21653,21866,21884,21950,21981,21984
679,19946,20234,21144,21561,21677,21926,21945,21963,21972,21984
680,21327,21514,21899,21964,21975,21980,21982,21986
681,5698,20557,20874,21648,21820,21911,21921,21989
682,12083,19816,21840,21874,21975
683,20308,21413
684,14234,21135,21603,21640,21866,21896,21976,21978,21983,21987
685,15624,20486,20945,21668
686,20778,21255,21531,21683,21710,21915,21945,21946,21948
687,21359,21665,21738,21962,21965,21980,21986,21988
688,16981,19479,20463,21343,21432,21495,21572,21597,21780,21781,21892,21975,21982,21986,21987
689,21449,21861,21893,21902,21949
690,16916,20333,20613,21874,21952,21964,21965
691,20461,20823,21045,21391,21863,21954,21988
692,14124,19956,21795,21909,21919,21953,21976
693,2811,15865,20430,21226,21510,21711,21820,21935,21957
694,15244,18511,18878,21292,21930,21972,21973
695,19137,21895,21949,21973,21976,21982
696,17832,21044,21644,21833,21977,21989
697,21181,21725,21946,21971,21989
698,20547,21937,21974,21977
699,17547,21072,21718,21848,21920,21967,21972,21981,21984
700,21726,21851,21975
701,13840,21684,21749,21806,21946
702,16364,20519,20981,21532,21564,21861,21878,21925,21988,21989
703,21471,21814,21882,21886,21896,21921,21970,21981,21983,21986
704,21874,21907,21927,21976,21977
705,16091,21021,21035,21619,21675,21845,21976,21982
706,17309,21460,21758,21947,21970,21989
707,19964,21920,21976,21982
708,20001,20815,21772
709,21218,21629,21843,21921,21951,21964,21981,21984
710,17202,21337,21601,21605,21833,21865,21968
711,21014,21786,21917,21963,21988
712,21594,21794,21854,21877,21882,21948,21959,21968,21982,21987
713,21008,21428,21856,21913,21975
714,20631,21527,21556,21611,21964,21973,21989
715,21579,21722,21852,21917
716,20867,21416,21548,21626,21708,21764,21976,21978
717,19209,21059,21512,21545,21696,21709,21801,21912,21929,21942,21971,21989
718,20947,21757,21956,21970,21978,21989
719,21277,21807,21859,21899,21904,21938,21977,21980,21986,21989
720,17750,21383,21687,21765,21929,21935,21958
721,18431,21355,21515,21830,21949,21956,21976,21982,21987
722,18916,19237,19481,21254,21698,21933,21957,21969,21987,21989
723,13842,20226,20422,20607,21444,21762,21790,21855,21870,21966,21983,21985,21987,21989
724,7006,21488,21630,21822,21874,21884,21936,21946,21983,21989
725,21384,21641,21916,21932,21941,21958,21985
726,20542,20915,21497,21948
727,21358,21943,21973,21981,21988
728,16714,18558,20399,20456,21621,21838,21865,21874,21933,21935,21947,21981,21984,21988,21989
729,13776,16119,21324,21326,21403,21620,21677,21699,21840,21901
730,1209,20038,21834,21887,21919,21957,21974
731,21383,21566,21857,21965,21969
732,21590,21808,21848,21876,21924,21986,21987,21989
733,21139,21823,21869,21903,21916,21978,21981,21984,21986
734,20262,21018,21642,21885,21934
735,20153,21680,21862,21938,21960,21969,21977,21981,21986
736,16232,19489,21909,21932,21982,21985,21988
737,21693,21869,21970,21971
738,16069,18614,18954,19677,20408,20820,21175,21524,21618,21959,21980,21981,21986
739,20967,21706,21759,21828,21932,21933,21942,21984,21989
740,17862,19129,21673,21826,21952,21958
741,21934,21940
742,21478,21544,21670,21889,21896,21916,21933,21978,21982,21983
743,14553,17425,21055,21305,21893,21971,21982,21989
744,20994,21258,21558,21833,21974
745,14082,18933,20211,20778,20818,20852,21116
746,21458,21624,21640,21835,21963,21983
747,7884,18858,21003,21568,21775,21969,21989
748,21506,21711,21807
749,21758,21894,21914
750,21445,21869,21939,21971
751,16542,20132,21691,21829,21968,21974
752,19008,19856,20975,21070,21875,21886,21969,21989
753,21791,21814,21869,21913,21936,21958,21989
754,21513,21864,21889,21971,21989
755,21810,21856,21926,21957,21989
756,17718,18396,19014,20894,20980,21258,21427,21582,21907,21960
757,20363,21076,21577,21967,21968,21970
758,13558,20237,21626,21682,21723,21847,21868,21948,21968,21979
759,11130,19224,20280,21096,21118,21617,21665,21669,21771,21787,21838,21988
760,21318,21831,21923,21954,21964,21972,21980,21981
761,21318,21831,21923,21954,21972,21978,21981
762,21542,21875,21907,21978,21987,21988
763,20327,20729,21471,21711,21911,21929,21941,21957,21977
764,10099,21569,21702,21885,21973
765,20711,20756,20949,21355,21912,21977,21982,21989
766,20650,21342,21502,21678,21843,21981,21988
767,7568,7569,7570,15713,19524,20302,20543,21157,21542,21575,21825,21954,21962,21982,21987
768,20224,20934,21319,21791,21900,21913,21936,21986,21989
769,21827,21930,21961,21973,21989
770,21159,21807,21811,21887,21974
771,20941,21757,21790,21854,21972
772,21551,21590,21928,21938,21952,21966,21986,21989
773,20818,21597,21793,21866,21988
774,20311,20968,21089,21965,21981
775,19911,20780,21696,21958,21974
776,17495,21894,21968,21974
777,20462,21117,21628,21834,21918,21936,21961,21962,21987
778,21124,21940,21944,21945,21952,21972,21984
779,19945,21762,21886,21896,21927,21938,21943,21978,21988
780,17704,17829,20456,20701,20960,21033,21439,21478,21692,21765,21791,21836,21853,21884,21888,21899,21904,21907,21963,21980,21983,21986,21987,21989
781,21777,21877,21882,21920,21973,21982,21989
782,20548,21490,21776,21892,21898,21976
783,20472,21540,21624,21655,21968
784,10264,21046,21822,21834,21955,21981,21983,21985,21989
785,20515,21279,21960,21968
786,20474,20711,20899,21673,21738,21987
787,19908,21016,21846,21952,21985
788,20654,21000,21804,21864,21885,21890
789,10012,16918,21455,21740,21943,21984,21989
790,1492,21564,21628,21809,21813,21896,21987,21989
791,18988,19631,20384,21862,21897,21962,21974,21988
792,20772,21699,21773,21814,21850,21856,21957
793,2154,19343,19418,20598,21438,21534,21768,21785,21858,21915,21987
794,21821,21859,21898,21947,21960,21973,21979,21989
795,15753,17549,18621,19139,19341,19969,20502,20768,21192,21331,21462,21574,21727,21878,21927,21984
796,21143,21352,21940,21954,21972
797,20910,21625,21739,21828,21912,21948
798,19836,21892,21961,21978,21983
799,20423,21261,21948,21973
800,21090,21464,21833,21911,21971,21989
801,20595,21922
802,18607,20578,21216,21241,21348,21396,21866
803,20756,20949,21599,21818,21839,21840,21984,21986
804,21040,21305,21648,21672,21971
805,18603,19519,21839,21966,21983,21989
806,15629,20601,20615,20644,21132,21313,21600,21764
807,21729,21798,21839,21886,21929,21967,21970,21984,21986,21988
808,12831,15257,19117,21782,21893,21897,21982
809,6433,21424,21791,21913,21967
810,15406,21722,21823,21867,21926,21951
811,21391,21872,21984,21986
812,17255,20296,21857,21881
813,21674,21934,21940,21954,21956,21961
814,20012,21075,21599,21787,21798,21988
815,12624,21467,21957,21965,21984
816,21623,21663,21827,21845,21885,21973
817,21139,21280,21847,21921,21929,21981,21983,21984
818,20998,21183,21883,21925,21953,21970,21975
819,21589,21883,21902,21979,21985
820,21629,21869,21980,21982,21983,21986,21989
821,18368,21952,21955,21959,21973,21981,21987
822,21722,21773
823,19919,21376,21799,21977
824,18716,20296,20872,21580,21960
825,5920,21729,21878,21888,21979,21988
826,20229,20555,20630,20658,21176,21405,21731,21852
827,21911,21954,21958,21967,21985
828,21343,21691,21780,21812,21977,21989
829,21365,21386,21634,21812,21913,21960
830,21426,21676,21891,21970,21972,21979
831,21689,21729,21761,21926,21943,21945,21946,21978,21980
832,21803,21971
833,18754,20571,21047,21380,21843,21886,21904,21978,21986
834,9164,21127,21420,21720
835,21975,21977
836,20874,21282,21302,21765,21880,21904,21964
837,15474,20184,21815,21818,21984
838,19749,21154,21701,21885,21889,21967,21989
839,19228,21844,21940
840,21191,21733,21763
841,21061,21485,21505,21518,21734,21902,21959,21974,21980,21983,21984,21986,21987
842,21184,21580,21679,21812,21942,21989
843,17107,18130,21867,21978,21983,21989
844,21218,21773,21867,21929,21975
845,21165,21967,21989
846,18445,21640,21665,21838,21964,21973,21986,21989
847,19976,21383,21490,21866,21898,21931,21965,21988,21989
848,21056,21707,21914,21923,21952,21954,21981
849,20761,21879,21910
850,12331,21700,21820,21906,21952,21962,21983,21986,21987,21989
851,21642,21894,21934
852,21548,21637,21728,21888,21945,21957,21961,21966,21980,21988
853,10685,16802,17088,21565
854,9071,16364,16562,17355,19166,20544,21770,21832,21876,21933,21966,21986,21987,21988
855,18233,20233,21191,21733,21951,21954,21980
856,19379,20757,21730,21778,21936,21948,21956,21986,21987
857,21266,21729,21905,21976,21983,21984,21989
858,17243,21166,21584,21954,21965,21989
859,7165,7166,12256,18407,21171,21173,21943
860,21570,21790,21860,21975
861,21275,21598,21674,21868
862,13767,17735,21804,21885
863,21502,21843,21933,21965,21975
864,21932,21971,21977
865,21806,21916,21919,21933,21972
866,16533,21269,21630,21729,21943,21976,21982
867,19150,21231,21908,21950,21986,21989
868,20217,21478,21512,21670,21745,21757,21937,21942,21981
869,21385,21551,21712,21905,21985
870,19639,20845,21792,21987,21988,21989
871,21775,21851,21928,21975
872,20324,21037,21679,21775,21945,21946,21953,21962,21976
873,21121,21581,21664,21863,21965
874,13004,17017,20279,20717,21761,21763,21806,21921
875,16495,17101,21162,21622,21910
876,21528,21652,21765,21841,21853,21906,21925,21945,21953,21979,21984
877,21440,21780,21809,21863,21884,21945,21975,21984,21986,21988
878,20607,21145,21651,21855,21936,21956,21976,21980,21986
879,19506,21790,21856,21913,21985
880,83,21428,21839,21856,21899,21988
881,18030,20948,21971
882,20769,20836,20906,21162,21731,21771,21809,21840,21989
883,21137,21241,21267,21549,21944,21948
884,20522,20848,20861,21817,21818,21890,21949,21959,21978,21984,21986,21987
885,21358,21971,21973,21989
886,17471,21616,21981,21983,21989
887,21810,21857,21930,21947,21961,21973
888,21420,21793,21925,21968,21979,21985
889,21707,21891,21914,21923,21964,21981
890,12891,18540,21142,21486,21813,21858,21923,21945,21989
891,20738,21775,21954,21961,21962,21966,21987
892,21561,21848,21920,21940,21952,21954,21972
893,16967,20434,21043,21323,21695,21920,21954,21957,21989
894,15113,16936,21960,21968
895,20383,21090,21296,21464,21601,21777,21815,21904,21927,21951,21984
896,21602,21856,21909,21962,21979,21981,21986,21988
897,17991,19150,21529,21956,21983,21989
898,17776,21287,21642,21885
899,19383,20435,20807,21491,21757,21838,21899,21950,21970,21981,21984,21986,21987
900,20491,21438,21628,21647,21902,21931,21981,21983,21984,21985,21987,21988,21989
901,18670,20290,20780,21154,21331,21532,21807,21971
902,19325,21336,21973
903,21574,21617,21762,21913,21969,21977
904,20252,21440,21816,21863,21914,21955,21973,21981
905,15152,21318,21743,21920,21972,21977,21981,21986
906,18891,20808,20967,21284,21442,21686,21838,21861,21919,21933,21947,21950,21974,21977,21984,21986,21988,21989
907,20303,21588,21830,21903,21936,21964,21971,21987,21989
908,20537,21370,21694,21720
909,18649,18882,21380,21457,21905,21927,21987
910,18132,21035,21855,21872,21917,21963
911,17972,18920,21454,21583,21666,21799,21876,21919,21944,21989
912,9223,19464,19939,21958,21989
913,20291,21263,21678,21755,21851,21863,21903,21982,21989
914,20998,21812,21899,21913,21964,21975,21980
915,19379,20767,21447,21507,21884,21944,21989
916,17972,18920,20655,20919,21302,21555,21666,21989
917,21163,21542,21591,21875
918,17131,21914,21935,21981,21984
919,21247,21926,21945,21948,21979
920,21874,21932,21933,21969,21989
921,16830,21788,21882
922,19487,20314,21942,21959,21970,21974,21979
923,16391,19461,21505,21667,21709
924,21592,21733,21858,21931,21932,21977,21985,21987
925,17612,19193,20921,21353,21413,21427,21641,21672,21829,21864,21911,21932,21967,21979,21985,21987
926,19883,21834,21872,21958,21979
927,21297,21315,21718,21757,21916,21928,21977,21989
928,20020,20549,21205,21967,21968,21985
929,20554,20926,21733,21848,21972
930,10751,20308,20499,21258,21490
931,19481,21372,21492,21870,21912,21948,21961,21966,21969
932,19856,21706,21731,21737,21828,21876,21969,21989
933,16618,18489,20379,21216,21768
934,14589,16960,17261,18706,20842,21032,21033,21706,21876,21925,21965,21987,21989
935,19469,19667,20604,21441,21760,21778,21818,21841,21905,21919,21942,21974,21981,21986,21987,21988
936,21703,21832,21897,21989
937,20973,21621,21853,21909,21938,21956,21964,21986,21988
938,21155,21921,21924,21938,21969,21978,21980,21987
939,19863,21582,21720,21743,21846,21917,21989
940,21572,21589,21808,21969,21979
941,21616,21746,21957,21974
942,17883,20656,21764,21802,21901,21940,21949
943,21505,21772,21885,21890,21973
944,10057,12526,21012,21700,21825,21973
945,21690,21896,21905,21928,21933,21953,21976,21980,21983,21984,21986,21989
946,21820,21969,21977,21989
947,21797,21799,21985
948,21869,21905,21942,21989
949,17578,21816,21952,21956,21972
950,21096,21341,21837,21964,21977,21983
951,21376,21742,21799,21891,21967
952,20086,21039,21281,21289,21583,21636,21702,21761,21766,21858,21882,21887,21937,21941,21969,21977
953,21816,21961,21971,21973,21978,21979
954,21471,21648,21847,21881,21911,21937,21942,21963,21968,21977,21985,21989
955,21921,21976,21982
956,18455,20388,21299,21603,21631,21929,21976,21977,21986,21987
957,14245,20324,21413,21566,21649,21857,21942,21943,21957,21959,21962,21969,21977,21981
958,18131,21289,21985
959,10156,15405,15625,16882,18588,18642,20504,20639,21322,21495
960,21526,21659,21796,21853,21931,21940,21964,21981,21983
961,13173,14884,17011,20762,21120,21594,21702,21719,21867,21987
962,15837,21000,21342,21819,21890,21934,21949
963,19690,21609,21929,21952,21970,21989
964,11783,20402,21190,21735,21923
965,19312,21398,21699,21871,21884,21975,21978,21983
966,20564,21173,21375,21821,21841,21876,21925,21955,21987
967,19809,20671,21818,21855,21947,21951,21977
968,21075,21202,21789,21963,21971,21988
969,13912,17867,21365,21423,21681,21706,21815,21925,21936,21953,21975,21980,21987,21989
970,20641,21330,21834,21960,21989
971,17320,21745,21835
972,16009,21816,21938,21972,21986,21987
973,16650,19145,20686,21187,21284,21829,21985
974,19359,20694,21764,21831,21860,21918,21935,21972
975,21780,21863,21926,21976
976,20434,21619,21857
977,5488,19361,20812,20850,20888,21173,21427,21660,21692,21707,21959,21987
978,21295,21940,21970,21971
979,19381,21790,21856,21913,21961,21982
980,21341,21745,21797,21801,21911,21971,21980,21989
981,20384,21714,21783,21936,21985
982,21577,21653,21814,21826,21854,21950,21951,21970,21980
983,20055,20544,20827,21158,21533,21742,21959,21971,21987
984,21368,21635,21704,21858,21979,21989
985,20098,20791,21510,21631,21786,21871,21985
986,20708,21153,21526,21665,21796,21916,21949,21978,21984,21988
987,19076,21512,21545,21857,21923,21969
988,16596,20926,21608,21636,21748,21798,21886,21930,21965,21967,21970,21986,21987,21989
989,18134,20300,21599,21702,21783,21987
990,21763,21868,21869,21961,21988
991,21753,21918,21924,21929,21935,21962,21988,21989
992,20039,20875,21791,21801,21873,21880,21967,21971,21978,21985,21988
993,21646,21851,21965,21989
994,21091,21414,21513,21683,21786,21970,21985
995,20168,21352,21568,21745,21844
996,20979,21276,21783,21918,21937,21974,21981
997,21341,21568,21573,21743,21832,21866,21945,21964,21987,21989
998,14874,20819,20829,21854,21894,21914,21934,21942,21952,21959,21981,21984,21987
999,19630,21858,21885,21973,21989
1000,20424,21968,21985
