1,102,535,749,1459,1465,3321,4829,4852,6469
2,4,6,7,9,12,13,24,61,142,217,2272
3,2,8,14,48,95,129,208
4,17,97,3889
5,13,53,329,422,2656
6,17,42,170,2983,4086,7122,20337,20338
7,36,69,133,161,227,270,1944,2490,4306,6162,6851,19680
8,2,4,7,12,122,374,498,1299,1301,1320,1391,5570,5725
9,11,15,114,182,3787
10,6,24,249,349,990,1078,1147
11,1,35,47,68,181,208,275,294,1577
12,1,13,25,259,367,484,5714
13,22,129,270,449,1984
14,17,92,134,164,1584
15,220,312,1194,20909
16,28,134,652
17,4,6,11,17,40,92,337,1568
18,8,19,22,23,68,99,169,483
19,1,15,34,37,44,52,171,247,336,374
20,39,46,78,508,1832,3712,10691
21,1,6,9,11,43,130,352,617,2194,4417,5186
22,1,3,4,13,40,43,247,256,336,596,1299
23,2,21,180,395
24,53,274,359,973,1810,2483,3025
25,73,137,494,2865,6737
26,15,53,150,506,763,767,940,1721,2820,11784
27,3,80,97,626
28,4,32,42,117,154,357,524
29,37,68,1535,5952,8356
30,6,49,200,359
31,27,31,524,851,1328
32,2,20,61,90,145,863
33,1,4,7,9,17,28,75,92,289,3946
34,1,5,59,231,724
35,8,20,60,68,226,283,459,494,577,1026,1878
36,1,11,21,95,201,778,1517,1956
37,5,13,21,340,768,947
38,55,80,158,203,423,824,1836,3470,5341
39,18,755,2434
40,121,574,1199
41,1,3,36,69,70,76,406,707
42,1,19,20,246,810,2289
43,5,9,18,60,109
44,250,336
45,2,8,21,44,64,177,514,1284
46,1,8,29,143,423
47,1,51,167,740,1630
48,1050,2135
49,1,2,3,71,74,78,187,279,465,1973
50,1,30,31,93,208
51,28,31,36,44,68,82,567,599,1055,1780,7663
52,5,21,22,23,33,49,280
53,17,42,55,70,1497,2206
54,8,14,51,566
55,1,5,6,7,13,365,920
56,2,6,13,40,61
57,1,42,64,66,71,342,575,10296
58,5,27,60,431
59,16,75,144,795,3636,3798
60,1,3,26,52,943,1382,1715
61,2,3,4,40,63,278,1179,4930,5172
62,18,44,45,554,733
63,3,7,10,16,26,31,130,204,259,285,2008,20135
64,11,149,1419
65,1,4,40,284,353,1317,1367,1880,6768
66,106,173,186,983
67,39,46,59,144,232,322,384,857,1672,2238
68,77,280,699,1904
69,2,33,38,43,71,81,148,152,351,410,776,2398,13897
70,48,116,541,6195
71,6,7,8,12,15,36,142,143,216,779
72,39,104,273,354
73,2,201,537,555,1775,8332
74,1,35,68,85,278,995
75,2,72,93,95,412,781,2415,8451
76,6,27,150,172,1046,1281,3769
77,42,355,739
78,5,119,761,4406
79,8,29,47,751,4367
80,1,24,118,465,853,1074
81,173,216,238,349,450,701,990,3299,3965
82,1,27,152,244,253,486,1301,2279
83,1,2,7,13,24,62,82,102,142,209,243,4955
84,1,9,126,127,201,361,551,648,1686
85,2,11,1829,1917,10785
86,1,3,5,19,20,33,40,165,168,273,378,627,821
87,1,50,62,76,135,347,803,11591
88,179,203,312,604,1126,6493
89,1,4,6,7,8,9,13,21,91,264,392
90,7,12,23,49,88,101,226,872,1265
91,31,32,48,76,96
92,12,17,48,62,100,106,724,1605,1857,10020
93,4,13,16,27,62,207,451,613,913,1075,1190,1384
94,6,7,14,17,633,1312
95,2,3,46,154,156,863,1142,2056
96,1,13,28,31,35,39,62,64,82,149,244,291,1635,4823
97,1,4,7,529,561,1051
98,3,9,10,12,31,34,47,793,2306
99,44,70,177,474,499,1631,2247,8039
100,3,86,160,248,996,1675,3730,4015
101,18,53,430,1131,1762,2047,2880,3378,3655,4929,8969
102,5,20,233,237,907
103,36,70,76,146
104,14,21,172,249,636,719,2594
105,1,4,40,74,123,179,183,461
106,111,157,221,604,736,1208,1330
107,1,12,20,23,34,269,276,597,2788
108,1,6,40,102,284,451,461,581
109,2,60,81,148,3708
110,1,84,367,943,1780,19029
111,1,10,12,25,36,941,1593
112,17,39,41,55,93,118,124,296,491,1425
113,22,92,96,134,166,756,1370,21404
114,36,76,103,283,420,809
115,207,454,581,748,2064,6168,6831
116,20,33,131,226,522,8403
117,1,4,111,154,482,2926
118,2,4,9,33,74,266,761,3873,4049
119,1,3,4,7,9,12,40,94,282,337,1140,1293
120,2,15,77,90,136,148,152,199,373,2845,5259,9164
121,2,98,166,198,415,1115,8566
122,1,48,66,538,1057,2333,18274
123,1,4,10,38,99,165,176,242,1253
124,2,8,24,29
125,1,10,52,773,1219,9199
126,29,78,124,460,1007,3586
127,8,14,17,22,585,2853
128,1,2,11,32,122,408
129,1,13,32,47,84,87,2600,3125,3515
130,11,21,85,107,396,1283
131,5,6,36,246,434,510,1326
132,9,47,72,301
133,2,3,6,12,26,34,49,77,83,286,290,358,492,615,3124,6978,9603,18841
134,5,58
135,89,263,288
136,2,299,488,680
137,29,174,454,812,2226
138,22,42,144,227
139,57,388,7359,10432
140,3,5,20,21,23,26,33,424,598
141,4,14,19,37,74,151,310,393,500,518,1865,4187
142,29,32,63,83
143,18,67,141,159,219,228,249
144,5,22,55,108,110,520,1253
145,12,29,54,181,320,397,511
146,42,50,620,2518
147,8,11,14,78,599,1254
148,25,43,76,419,16494
149,5,12,20,22,33,44,109,276,2788,6275
150,15,37,531,731,888,1920
151,1,2,6,34,40,57,330,492
152,11,33,126,333,1643,1916
153,1,7,11,12,185,260,550,3219
154,2,32,70,208
155,2,6,429,751,1362,1916
156,1,4,7,12,15,78,90,1459,1716
157,6,9,18,60,99,159,259,442,997,16737
158,14,45,51,1467
159,4,39,113,447,457,712,2395
160,4,7,34,81,136,339,916
161,3,10,29,38,52,355,526,766,1448
162,139,312,593,647
163,6,10,18,34,38,130,237,366,2527
164,1,6,17,92,289,1015
165,6,81,84,131,249,460,712,1103
166,1,6,7,48,52,85,86,178,310,500
167,4,7,15,151,751
168,2,6,57,74,897
169,1,5,61,82,178,534,661,2488
170,5,11,22,1433,1874
171,6,28,35,37,68,434,483,1209
172,8,49,158,460,479
173,14,37,127,270,1087,1417
174,12,17,207,212,287
175,11,24,101,309,355,7989
176,3,76,130,202,237,283,890
177,3,7,9,10,94,148,153,370,453,961,1795,2139,12329
178,1,35,42,122,393,421,985,1501,6454
179,20,23,61,79
180,65,111,156,672,3879
181,1,2,198,205,557,2523
182,1,4,46,114,292,616,1084,3504
183,1,33,104,152,177,264,2673,6477,9043
184,22,23,36,59,62,170,190,221,342,606,2332,7708
185,2,12,74,102,266,437,888,1054,3393,3399,3838,4820
186,1,3,5,6,7,117,124,315,744,1088
187,16,39,48,147,466,1089,3623
188,5,563,884,917,1714,2017,4904
189,17,22,197,576,12718
190,18,38,70,504,826,2140
191,3,11,21,31,33,116,122,153,211,292,498,877,1542,3725,4865
192,29,65,82,253,857,2639
193,8,14,90,316,2618
194,17,173,218,4147
195,19,22,32,75,197
196,27,155,423,450,753,1085,2089,2258,11272
197,107,132,223,404,483,2560,8087
198,18,41,73,100,676
199,3,14,37,291,308,312,513,575,791,1284,1298,1984,3649,6793
200,12,30,161,214,456,464,568,1595
201,1,27,71,507,1440,1729,1933
202,23,31,39,48,59,64,69,72,226,290
203,2,3,17,41,50,313,1204
204,5,149,4492,4565
205,95,1063,1439
206,97,103,162,1557
207,175,308,770,1295
208,2,11,35,67,68,105,118,478,842,3316
209,1,4,10,212,446,943
210,4,8,97,469,567,1332,2139
211,14,15,17,25,37
212,1,4,40,229,1440
213,14,37,2748
214,2,3,4,33,34,124,440,927,3989
215,1,7,21,22,142,185,351,352,585,703,1588,2576,3413
216,4,24,31,35,40,102,122,688,3730,6488
217,1,32,49,56,57,3124
218,17,24,31,41,50,188,218,490
219,18,37,56,228,1027
220,1,6,7,9,11,91,260,533
221,1,12,112,135,141,259,276,416,673,748,1004,6652
222,25,42,55,125
223,3,13,31,70,76,1250,1655,2989
224,2,376,1084,1249
225,2,835,1680,2312,9594
226,1,9,54,1300,2169
227,1,4,40,48,206,591
228,939,1176
229,8,17,41,188,248,297,641
230,1,3,5,7,22,85,225,1476,6852
231,317,422,469,3642,4896
232,3,7,10,12,27,29,43,91,105,259,285,352,1767,1945,4793,9616
233,32,289,833,3063,20377
234,8,15,174,381,2865
235,15,36,50,87,130,237
236,1,6,7,11,260,533
237,1,8,12,20,41,592,634,1095
238,5,317,2328,2908,3370,5282
239,4,5,11,12,22,107,207,280
240,25,29,46,144,1046,13220
241,1,3,4,7,10,27,48,86,160,278,860,1190,2246,2377,11188,18636
242,17,42,55,108,121,137,1446,3387
243,5,19,58,402
244,10,24,140,475,593,1188
245,4,10,12,34,167,188,446,1271,1487,1529
246,1,3,21,35,42,55,117,1357,2268
247,2,64,123,268,312,647
248,8,30,130,317,441,614,4974
249,3,4,13,27,43,77,151,274,280,502,658,677,1805,1956,2827,3623,8921
250,1,7,10,147,155,4333
251,20,121,146,233,297
252,3,14,31,48,346,454,1336,1846,2147
253,3,4,6,7,9,14,15,34,37,142,148,5429,11520,15784
254,1,4,6,7,9,21,40,164,166,214,816,5574
255,1,73,482,1764,4510,5015
256,1,8,10,25,27,33,105,704,6403
257,1,57,74,184
258,5,20,22,23,35,76,370,413,587,1196
259,1,11,17,19,40,84,182,741
260,32,65,68,87,213,238,752,7726,11916
261,5,19,20,23
262,1,132,190,204,437,606,629
263,17,87,197
264,3,4,6,9,115,155,473,485,503
265,2,27,529,561
266,29,263
267,12,18,38,56,237,428,595
268,23,35,328,435,615,855,2386,3971,7015
269,1,2,3,13,32,40,52,132,150,213,849,1262,1331
270,6,38,53,62,131,168,215,361,407,578,892,1428,4764,6250,14463
271,1,6,10,12,56,106,186,349,446,894
272,8,14,17,41,95,2813
273,3,10,12,27,39,229,359,529,561,723,1387
274,1,3,7,9,21,58,86,363,376,530,2500,3217
275,1,3,8,14,48,78,113,116,171,1722
276,5,28,1207,6953
277,9,11,27,84,101,182,619,2884
278,1,9,12,24,32,57,212
279,15,25,118,850,1367,1430,7515
280,101,170,297,762,1694,2332,6363
281,12,16,103,104,109,170,248,354
282,5,198,346,671,957,14767
283,5,11,22,74,1477
284,93,208,297,525,1550,2111
285,1,20,28,52,136
286,11,45,484,3364
287,27,30,201,343,781
288,4,7,15,19,90,104,142,217,687,911,2272
289,60,2077,7431
290,56,123,183
291,1,19,46,356,526,1451,2436,5272
292,974,3430
293,8,14,126,1236,1820
294,274,727,3053,5829
295,13,42,60
296,15,22,68,85,687
297,8,176,302,521
298,1,4,40,105,337,439,573,1039,2010
299,87,140,411,694,785,7156
300,1,3,29,43,121,167,174,189,1475,1515,1704,1946,1974
301,5,14,169,199,227,245,301
302,1,15,21,403,687,4333
303,175,431,2269,3712
304,14,112,177,189,259,766,790,843
305,2,295,826,980,2201
306,54,60,116,162,376,395,508,1536,6540
307,10,93,97,1822,2318
308,1,8,13,30,62,214,466,483,799
309,14,81,732,1239
310,18,25,112,135,248,4166
311,1,24,29,127,210,1089,3381
312,19,79,183
313,1,4,12,61,98,189,224,415,2038,11576
314,17,25,197,2645
315,27,195,703,4899
316,25,27,34,48,291,521,566,822
317,17,21,29,741,5161,5864
318,1,6,20,125,288,1447,1867
319,1,2,152,310,570,1025,1341
320,80,203,693,1671
321,7,8,10,12,15,294,556,1702,3775,4609
322,8,24,29,804,1935,3355
323,5,35,143,519,799,1111,2460
324,65,202,702,2456,4311
325,2,16,149,206,272,292,314,933,1012,1452,3091
326,5,24,38,83,101,149,204,281,351,401
327,1,6,7,10,16,47,50,62,91,358,559,915,5710
328,19,28,36,79,4071
329,9,13,21,39,49,52,280
330,2,4,25,57,123,947,1077,1897
331,9,41,86,89,172,497
332,16,25,1498,2198,2498
333,51,73,195,578,1006
334,11,42,53,65,163,796
335,89,153,368
336,8,13,19,24,140,294
337,2,3,11,65,119,234,267,1391,1842,2446
338,4,16,69,267,513,917,1502,1784
339,1,26,40,52,219,335,1037
340,15,35,153,206,978,1430,2153,3720
341,22,1692,2955
342,29,837,1601
343,4,13,62,71,89,218,371,446,493,662,1248,3259,7679,20721,20722
344,4,26,46,97,150,1103,1230,3413,4758
345,18,34,38,41,60,141
346,1,4,10,230,463,787
347,3,21,363,403,1075,2664,5162,5285,6312,8199,11099,14687,14688
348,1,3,13,15,25,134,755,800,1809,2070
349,1,114,2779,3670
350,14,200,400,1140
351,10,14,39,66,78,230,443,696,9370
352,23,24,114,120,133,304,865
353,111,321,346
354,1,3,16,31,175,955,3411,3852,13097
355,2,4,14,37,63,83,105,236,239,600
356,14,17,37,400,855,952
357,1,8,24,95,114,118,229
358,5,9,11,13,22,25,53,65,1104,1665,1769
359,50,5171,15722
360,44,76,428,607
361,1,3,28,32,185,285,775,2583
362,49,55,157,529,1468,5670
363,16,106,701,1176
364,3,4,6,8,31,36,68,70,86,151,152,826,5395
365,1,10,27,28,52,82
366,39,345,1384,1457
367,30,297,2661
368,19,44,75,126,512,672,837,1097,1330
369,5,22,1502,1799,7133
370,1,4,8,80,179,362
371,7,10,321,1112,3833
372,3,4,63,68,149,211,314,317,1151,1177,3080,4867,5970
373,20,233,297,628,1478,2803
374,34,39,54,104,152,192,264,357,480
375,2,7,17,63,92,95,1169
376,2,4,7,9,13,43,166
377,2,17,18,2012
378,27,39,57,235,303,444
379,19,193,425,1350,2430
380,5,19,23,35,319,328,445,838
381,2,7,9,34,44,104,298,465,2255
382,123,1674,2598,2732
383,2,23,26,74,199,266,727,859
384,6,54,256
385,11,53,65,209,1422,1779
386,8,14,24,1465
387,1,10,47,149,1384
388,14,187,642,1778,11801
389,2,8,35,68,195,329,476
390,1,161,258
391,13,16,22,58
392,1,107,161,192,358,1155,1362
393,23,27,184,271
394,2,16,17,84,120,171,346,910
395,1,4,17,21,22,68,92,223
396,16,33,250,291,1277,1507,13538
397,1,9,13,22,26,52,231,390,1393,2796,7940,8033
398,316,356,780
399,89,150,446,755,6629
400,1,17,352,415,546
401,5,11,22,35,43,47,63,68,75,177,263,5531
402,2,8,57,383,948
403,5,18,46,370
404,101,132,201,2560,3999,5707,18652
405,13,222,1563,3051
406,1,8,45,282,876,998,1660
407,4,5,130,189,209,223,247,456
408,153,562,819,1987,5101
409,3,5,36,48,54,119,179,206,215,298,303,322,587,594,888,1319,1506,2207,5405,5461,9050,13891
410,5,35,77,392,2582,16487
411,25,29,60,822
412,5,6,23,30,93,199,483,4845
413,8,14,124,346,4571,6464
414,2,9,30,38,80,81,206,1075,1189,2220
415,1,3,8,112,131,134,200,235,269
416,22,93,124,682,703,1539
417,1,3,4,11,20,38,228,340,386,1344,3102
418,3,20,25,88,112,697,1222
419,4,8,16,25,209,551,647,648
420,4,19,109,223
421,3,5,58,2418,2843,3820
422,14,44,151,362,1110,1614
423,1,23,40,63,86,230
424,3,12,31,34,41,100,173,446,490,675,7519
425,1,2,78,346,352,718,749
426,5,11,35,85,8634
427,5,19,58,79,123,126,209,765,1012,3115
428,1,28,46,72,185,247
429,1,21,31,35,83,92,98,105,120,153,166,397,586,825,1308,1348,4677
430,16,17,31,129,138,214,910
431,2,40,86,153,230,400,712,892,2232,3218
432,1,4,20,38,52,116,120,1315,1318,3839
433,13,22,30,104,221,606,1234
434,1,2,7,8,13,24,29,45,63,86,231,294
435,19,20,26,34,87,227,434,817,6617
436,1,24,27,256,353,1653,10623
437,1,150,216,313
438,14,412,9440
439,16,188,5918
440,1,78,123,176,235,268,302,491,602,5218
441,33,302,521,647,858
442,5,21,22,220,289,495,1584,2282
443,1,2,13,19,341
444,1,20,184,1194
445,3,29,64,73,128,140,852,1086
446,96,213,1719,2673,2754
447,8,16,53,125,137,912
448,1,9,17,92,110,119,2506
449,2,8,15,19,55,445,1197
450,2,3,28,45,82,143,546,779,802,2172,2305
451,6,30,130,161,710,802,1796,2182,3163,4958,6139
452,68,103,263,497,760
453,8,14,44,81,116,127,342,7344
454,1,7,12,13,43,91,110,1028
455,76,96,103
456,138,140,161,993,1071,1110,1316,1558,1905
457,1,7,36,71,86,91,389,779,861,20007
458,2,3,7,11,65,81,95,114,148,1312
459,17,733
460,5,65,111,177,285,321,1422,1886
461,288,296,711,1144,1621,6514,10314
462,2,55,57,67,95,1361
463,6,17,18,45,1311,14080
464,16,17,34,41,100
465,2,4,154,901,3754
466,1,29,41,45,46,406,1425
467,16,34,51,228,250
468,11,242,280,432,2735,4157
469,1,13,44,182,213,446,523,3374
470,21,112,2293,8544,9849
471,1,34,44,48,71,147,215,561,1547
472,2,6,23,24,61,192,18789
473,1,29,73,861,2574
474,1,945,2459
475,17,42,300,504
476,13,15,74,217,366
477,1,21,49,98,145,280,326,409,633,2316,3207
478,2,55,66,120,316,1319
479,5,8,107,193
480,2,1495,3719,7023
481,1,2,3,8,10,13,43,46,74,98,128,136,147,225,325,376,550,720,854,1059,1161,1315,1682,1831,4914
482,5,22,79,130,202,410,501,694
483,8,10,14,165,176,389,788
484,8,39,106,150,4587
485,1,19,21,47,57,340,435,1356,2590,8397
486,6,18,87,99,242,343,1150,2686
487,2,28,35,82
488,3,5,22,109,222,224,911,1223,4379
489,1,105,115,2678
490,15,268,319,360,574,838
491,2,77,134,200,855
492,17,39,263,307
493,12,39,40,70,81,86,171,590
494,4,16,223,227,578,1469,5307
495,2,98,248,633
496,206,334,708,1296,2690,2945
497,10,39,145,388,389,704,4233
498,2,6,7,10,225,1447,2042,2636
499,10,47,104,120,140,304,1141
500,4,29,475,551
501,2,4,80,386,1548
502,1243,3594,4691
503,1,80,250,1126,1148,1523,1907,9416
504,2,57,77,1464,2202
505,73,105,296,1098,1344,1465
506,7,10,43,183,689,1385,1576
507,17,681
508,21,57,524,4138,18726
509,1,19,46,55,77,158,324,2542
510,8,22,681
511,15,17,664,886,3578,5553
512,5,22,27,70,213,1901,1929
513,203,653,1097
514,21,58,501,6676
515,5,22,24,125,149,731,1785
516,132,172,432,5781,6707
517,18,25,36,159,252,264,1752
518,120,642,1134
519,1,69,73,184,792
520,15,366,1263
521,143,153,251,2811
522,1,117,166,572,860
523,2,47,135,377
524,1,43,174,296,381,1298,2642,2693
525,12,162,187,223,466,487,1890,4407,5016
526,3,28,30,31,60,761,1182
527,85,119,133,292
528,157,258,288,610,1390
529,1505,2997,3356,18366
530,8,103,117,156,278,308,3228
531,5,51,245
532,4,7,9,17,34,92,115
533,13,97,466,487,727
534,52,274,1068,1269,1702,5234,6520
535,45,257,306,646,1493,1618,2294,3343,9957,19175
536,4,8,15,28,86,91,2398
537,4,10,12,16,21,23,35,189,264,304,513,514,735,2903,8684
538,1,131,468,624
539,18,36,38,50,70,141,428
540,1,10,46,52,751,1028,8850
541,1,25,59,80,1564,1616,2970
542,6,12,15,60
543,15,27,174,301,1667,5135,12659
544,1,43,115,166
545,8,11,16,53,65,278,439,959
546,1,10,61,132,532,1160
547,1,29,55,75,202,896,981,1159
548,3,38,59,66,81,168,409,514,574,806,904,1536,1726,7311,20044
549,101,187,204
550,1,3,9,19,43,77,220,336,373,398,455,501,643,659,820,823,1544,1851,2036,2799,4215,9603,19722
551,37,68,127,208,218
552,48,56,89,159,188,1012,1772,3044
553,8,10,11,29,195,769,1122
554,1,16,31,270,352,451,607,912,2474
555,1,24,33,38,86,230,247,251,1588,4467,5066
556,14,33,220,523,590,761,864,3249,7227,11237
557,4,15,29,152,905
558,1,151,195,226,753,1122,1553,2577,4342
559,1,33,56,150,198,1006
560,5,22,54,80,191,472,1981
561,9,14,37,200,1041,1083,1952,2076
562,29,63,230,308,385,424,644,1904
563,29,69,306,1318
564,24,191,192,2197
565,28,29,40,52,316
566,2,6,22,30,48,53,109,126,182,688,729,832
567,15,22,25,26,254,288,604,708,845,1522
568,1,6,21,91,189,336,344,553,688,1127,3623
569,5,23,306
570,3,13,16,22,30,42,53
571,3,12,14,35,37,46,50,83,102,854,2123,2185,6801
572,8,19,308,476,1372,3717
573,1,10,186,544,791,955,1157,2499,3981,8640
574,22,45,67,288,531,1688,1870
575,2,8,15,105,258,1087
576,3,4,8,123,127,140,181,551,599,1188,3031
577,1,4,20,51,69,167,419,1486
578,1,43,82,161,162,331,974,2906
579,3,4,6,8,9,62,68,75,215,483,2103
580,27,119,197,372,581,1192
581,97,276,484,760
582,109,510,736
583,1,631,791,1553
584,18,34,38,44,96,357,457,793
585,14,37,745,970,1834,2493,5523
586,2,24,128,206,243,1377,3237,6532,7776,10353,13233
587,370,650
588,2,4,23,147,320,487,511,1074,3631
589,1,5,22,23,784,918,1273
590,15,41,46,95,128,135,364,803,1425,3809
591,2,6,19,26,66,79,202,316,440,481,600,994,2260
592,53,149,742,10350
593,4,16,34,38,123,183,223,292
594,7,12,29,42,143,211,1184
595,10,27,28,52,151,181,447,590,6066
596,25,96
597,1,24,51,71,79,260,2015,4675
598,39,134,200
599,22,30,198,1463
600,1,33,35,194,713,840,996
601,4,6,9,12,15,27,46,54,58,64,102,171,212,687,4205
602,4,51,167,184,516,1477
603,20,22,83,117,308,569,752,1515,6824
604,106,173,188,609,2338
605,4,10,140,152,431,1867,4329,5350
606,2,28,44,625
607,2,112,134,284,426,561,7394,20095
608,6,18,20,50,60,419
609,5,21,22,108,113,208,530,584,1063
610,23,61,68,476
611,3,20,24,36,71,259,284,357,704,712,915,1663
612,42,46,70,82,206
613,1,183,344,408,461
614,92,98,114,147,155,4053
615,2,3,22,53,81,95,136,1321,1393,5298
616,73,139,411
617,14,147,443,487,1243
618,1,28,82,94,122,250
619,24,39,72,9288
620,1,157,236,583,1200,2402
621,8,15,20,34,127,387,668,2350
622,6,30,314,425,456,483,876,1889
623,68,422,731,6927,11512
624,3,24,31,35,76,404,1525,3500
625,1,4,24,29,45,294
626,7,12,363,1271,1985
627,1,3,38,602,971,1037
628,3,5,28,226,260,371,389,408,533,604,889
629,1,19,79,246,381,402
630,1,4,54,76,256,406,773,14258
631,1,3,5,6,10,12,52,62,71,181,322,3240
632,133,198,339,531,1164
633,10,63,447,567,1160,1332,11726
634,1,93,132,274
635,1,62,64,77,217,268,399,1331,3238
636,17,56,58,71,218,319,643,680,838,4230,8288,8476,10135
637,4,7,8,10,12,15,64,87,387
638,15,17,37,217
639,4,18,36,50,70,1983
640,22,32,68,193,14817
641,1,85,147,166,550
642,5,108,109,224,1010,1413
643,7,10,12,28,29,44,215,230,358,696,2303
644,11,30,85,107,201
645,21,179,277,1148,1293,1400,2269
646,18,38,70,98,504,826
647,62,351,367,447,590,2110,2907,3617,3701,4084,5634
648,2,20,22,151,1108,1704,4954
649,5,22,232
650,12,36,73,217,411,494
651,4,15,20,32,64,91,218,348,446,523,829
652,1138,1458,1755,2679,12419,18752,18753
653,1,14,37,1935,2141,2782
654,3,5,11,25,131,169,252,459,14283
655,39,109,124,413,419
656,425,505,1326,1808
657,3,28,35,42,72,122,143,380,433,471,4363
658,8,17,68,103
659,11,28,39,46,180
660,18,44,125,139,141,249,365,809
661,9,18,23,25,36,733
662,16,51,434,489,578,595
663,5,75,509,712,783
664,1,2,7,9,19,20,23,52,94,135,386,3768,5663
665,1,112,189,843,931,1293,3701
666,16,64,65,130,177,632,805,3714
667,27,985,1462,4435,9632
668,12,18,41,45,313,589
669,1,7,12,34,62,2869
670,1,4,28,73,542,640,789,1006
671,1,48,126,309,1377
672,2,8,13,21,132,359,481,517,1757,1868,3760,12840
673,1,4,7,246,354,406,2055,6532
674,21,23,130,1290
675,7,15,26,162,767,5183
676,3,9,27,145,222,736,1517,1570,2106
677,7,8,12,14,15,43,468,662,691,891,4393,6686
678,6,9,40,105,122,337,578,1869,5264
679,6,18,27,45,64,313,428,848,1762,2047
680,4,8,10,15,26,91,475,663
681,1,69,79,170,341,1117,1435,18632
682,15,116,150,2165,8920
683,575,1671
684,3,7,12,14,94,122,350,386,852,8582
685,321,1042,1494,6073
686,42,44,45,75,280,306,459,733,1214
687,2,4,10,25,28,252,325,629
688,3,4,8,15,98,209,210,393,418,493,558,648,1522,2467,4823
689,41,87,97,129,541
690,25,26,38,116,1381,1642,5286
691,2,36,127,599,946,1164,1520
692,14,37,71,81,195,2015,8472
693,33,55,170,277,481,762,1546,6314,15745
694,17,18,60,695,3070,3378,6693
695,8,14,17,41,95,2813
696,1,13,157,346,945,4158
697,1,19,44,262,809
698,13,16,53,1444
699,6,9,18,23,70,141,271,915,4564
700,15,139,263
701,44,184,241,307,8188
702,1,2,65,112,129,426,455,1010,1481,5348
703,4,7,9,20,69,94,104,108,176,517
704,13,14,63,83,116
705,8,14,145,314,370,952,966,5749
706,1,20,43,232,529,4710
707,8,14,70,2023
708,218,1176,2011
709,6,9,26,39,69,147,360,774
710,22,125,157,385,390,653,4603
711,2,27,73,204,974
712,3,8,22,31,42,108,113,137,196,396
713,15,77,134,561,982
714,1,17,26,379,433,464,1372
715,73,138,268,411
716,12,14,226,282,365,443,571,1119
717,1,19,48,61,78,190,281,295,445,477,930,2781
718,1,12,20,34,233,1044
719,1,4,10,13,52,86,91,131,183,712
720,32,55,61,225,303,608,4412
721,3,8,14,34,41,160,476,634,3507
722,1,3,21,33,57,292,732,2469,2719,3108
723,1,3,5,7,24,120,135,200,228,544,1375,1564,1754,8190
724,1,7,44,54,105,116,168,361,502,19940
725,5,32,49,58,74,348,604
726,42,495,1063,1439
727,2,9,17,47,633
728,1,2,6,9,43,55,57,116,125,152,369,1541,1607,3425,5084
729,89,150,291,313,371,589,662,668,5777,8124
730,16,33,71,103,156,1963,14143
731,21,25,133,424,608
732,1,3,4,66,114,141,182,401
733,4,6,9,12,74,88,121,167,856
734,56,106,349,978,1742
735,4,9,13,21,30,52,128,311,1857
736,2,5,8,58,81,2477,5890
737,19,20,121,297
738,4,9,10,31,372,466,811,1181,1577,2287,3008,3284,5727
739,1,6,48,57,58,163,231,285,1015
740,32,38,165,317,2805,4188
741,50,56
742,7,8,12,57,74,94,101,320,444,511
743,1,8,19,97,683,934,4442,7249
744,16,157,430,736,994
745,870,1129,1179,1214,1777,3125,8430
746,7,27,155,350,366,532
747,1,21,215,421,985,3050,20818
748,183,277,484
749,76,96,232
750,19,51,121,545
751,16,22,161,300,1836,5526
752,1,21,104,115,922,1023,2137,2932
753,1,32,54,77,121,176,199
754,1,19,101,126,478
755,1,33,64,134,180
756,30,83,408,563,736,1009,1096,2938,3701,4380
757,20,22,23,413,911,1612
758,11,22,42,124,143,267,308,365,1765,7906
759,2,152,202,219,322,325,373,872,895,1712,2796,12246
760,9,10,18,26,36,67,159,669
761,9,12,18,36,67,159,669
762,2,3,12,83,115,448
763,13,33,49,61,79,277,517,1257,1663
764,17,106,287,422,11215
765,1,8,13,78,634,1046,1229,1281
766,2,9,147,312,487,647,1334
767,3,8,28,36,164,415,448,833,1440,1697,2512,6162,20502,20503,20504
768,1,4,54,77,90,199,670,1060,1752
769,1,17,29,60,162
770,16,103,179,183,835
771,18,137,200,233,1051
772,1,4,24,38,52,62,401,439
773,2,122,198,393,1179
774,9,25,898,1016,1674
775,16,32,295,1208,2061
776,16,22,96,4512
777,3,28,29,54,72,156,362,871,1521
778,6,18,38,45,46,50,866
779,2,12,47,52,63,94,104,228,2046
780,1,3,4,7,10,27,83,86,91,102,105,136,154,199,225,298,511,550,960,1028,1297,1541,4155,4366
781,1,8,17,70,108,113,213
782,14,92,98,214,501,1445
783,22,335,366,449,1507
784,1,5,7,9,35,156,168,947,11380
785,22,30,714,1477
786,3,252,317,1085,1281,1509
787,5,38,144,976,2058
788,100,106,126,186,990,1338
789,1,6,47,250,534,5288,11128
790,1,3,94,177,181,362,426,14426
791,2,16,28,93,128,1592,2375,3042
792,33,134,140,176,217,291,1218
793,3,75,132,205,222,457,552,1389,2568,2610,15088
794,1,11,17,30,43,92,131,169
795,6,63,112,264,414,528,658,799,1227,1487,2028,2608,2815,3291,4566,6202
796,18,36,50,638,847
797,42,78,163,251,364,1080
798,7,12,29,98,2185
799,17,42,730,1565
800,1,19,79,157,526,899
801,68,1386
802,122,595,644,750,772,1416,3474
803,4,6,150,151,172,391,1046,1229
804,19,318,341,683,949
805,1,7,24,151,2507,3470
806,226,389,677,862,1355,1383,1392,6078
807,2,4,6,20,23,61,104,151,192,261
808,8,93,97,208,2908,6706,9668
809,23,77,199,565,19367
810,39,64,123,167,268,6855
811,4,6,118,599
812,109,133,1691,4656
813,29,34,36,50,56,316
814,2,192,202,391,918,1978
815,6,25,33,522,9461
816,17,106,145,162,326,368
817,6,7,9,61,69,143,706,856
818,15,20,37,65,107,805,988
819,5,11,87,107,400
820,1,4,7,8,10,121,360
821,3,9,17,31,35,38,3673
822,217,268
823,13,191,615,2069
824,30,409,1115,1691,3207
825,2,11,102,112,261,18854
826,138,259,585,812,1342,1371,1433,1757
827,5,23,32,36,79
828,1,13,178,210,300,648
829,30,77,178,356,606,624
830,11,18,20,99,315,564
831,10,12,44,45,47,64,229,261,302
832,19,187
833,4,12,86,104,147,610,939,1429,3245
834,270,569,869,10280
835,13,15
836,26,86,110,225,689,708,1117
837,6,172,175,1815,6923
838,1,23,101,106,290,830,2227
839,50,146,2800
840,227,257,798
841,3,4,6,7,10,16,31,87,256,473,485,503,932
842,1,48,178,310,409,806
843,1,7,12,123,3911,4949
844,15,61,123,217,774
845,1,23,827
846,1,4,17,26,152,325,350,3521
847,1,2,25,59,92,122,501,608,2035
848,9,36,38,67,76,283,935
849,80,111,1234
850,1,3,4,7,28,38,84,170,289,9168
851,56,96,349
852,2,10,24,29,33,45,102,265,354,443
853,425,4930,5172,11801
854,2,3,4,24,57,114,158,220,1441,2842,4756,5348,5546,10187
855,10,36,39,257,798,1761,3776
856,3,4,34,42,54,211,260,1230,2646
857,1,6,7,14,85,261,719
858,1,25,36,406,828,4644
859,47,816,820,3483,9093,20099,20100
860,15,130,200,419
861,124,316,392,715
862,106,186,4397,8115
863,15,25,57,147,487
864,13,19,58
865,18,57,71,74,184
866,8,14,47,261,361,722,5517
867,1,4,40,82,759,2826
868,9,48,53,233,245,320,477,511,1783
869,5,85,278,439,605
870,1,2,3,197,1141,2383
871,15,62,139,215
872,14,28,37,44,45,215,310,954,1660
873,25,127,327,410,863
874,69,184,227,229,1287,1711,4859,9841
875,80,367,824,4943,5479
876,6,11,37,45,65,84,136,149,225,338,460
877,2,4,6,15,45,105,127,181,210,551
878,4,10,14,34,54,135,339,842,1375
879,5,77,134,200,2494
880,2,91,134,151,561,13017
881,19,1045,4069
882,1,150,181,219,259,824,1076,1160,1215
883,42,46,441,720,750,854
884,3,4,6,12,31,41,100,172,173,1138,1144,1460
885,1,17,19,633
886,1,7,9,374,4488
887,17,29,43,60,133,180
888,5,11,22,65,198,569
889,9,26,67,76,99,283
890,1,45,67,132,177,504,846,3407,9728
891,3,24,28,29,36,215,1250
892,18,36,38,50,70,141,428
893,1,33,36,70,294,667,944,1550,4809
894,22,30,5306,6562
895,6,39,63,86,175,213,390,526,699,899,1591
896,2,4,9,11,28,81,134,388
897,1,7,34,461,2826,4030
898,106,349,701,4102
899,3,4,6,9,20,40,91,152,233,499,1194,1551,2650
900,1,2,3,5,6,7,9,59,87,343,362,552,1499
901,19,183,455,658,830,1208,1685,3340
902,17,652,2713
903,13,21,77,228,373,414
904,9,17,35,76,127,174,551,1732
905,4,9,13,18,70,247,669,6601
906,1,2,4,6,13,16,40,43,57,71,129,152,304,547,710,1015,1195,3083
907,1,3,19,26,54,88,160,402,1698
908,270,296,618,1454
909,3,63,85,536,610,3074,3319
910,27,73,118,135,952,3913
911,1,46,71,114,191,324,405,533,3112,4011
912,1,32,2040,2533,10339
913,1,8,88,127,139,235,312,725,1686
914,10,15,26,77,91,178,988
915,1,46,105,482,539,1226,2646
916,1,324,435,689,1067,1339,3112,4011
917,115,399,448,825
918,6,9,55,76,4973
919,11,42,45,64,747
920,1,21,57,58,116
921,108,203,5200
922,11,16,20,31,48,1677,2475
923,281,323,485,2530,5375
924,3,5,13,58,59,132,257,398
925,3,5,11,23,58,79,126,161,318,348,563,575,639,1069,2765,4274
926,11,32,118,156,2099
927,1,13,62,74,233,271,674,693
928,5,22,23,787,1446,1986
929,18,141,257,1074,1432
930,501,736,1484,1671,11867
931,21,24,29,42,78,120,496,620,2469
932,1,21,114,163,254,259,285,2137
933,222,772,1628,3565,5602
934,1,3,25,65,114,285,959,960,1152,3376,4662,4802,7285
935,2,3,4,9,16,48,71,85,149,172,211,230,549,1395,2336,2538
936,1,93,158,288
937,2,4,26,34,52,81,136,369,1021
938,3,10,12,21,52,66,69,831
939,1,73,144,247,270,408,2144
940,11,21,182,400,418
941,16,33,243,374
942,41,50,89,188,226,1340,4209
943,17,100,106,218,485
944,17,164,289,972,9363,11173
945,1,4,6,7,10,14,37,57,62,85,94,299
946,1,13,21,170
947,5,191,193
948,1,48,85,121
949,18,34,38,174,4240
950,7,13,26,153,646,895
951,23,99,191,248,615
952,13,21,49,53,103,108,132,224,229,287,353,405,703,707,948,1900
953,11,12,17,19,29,174
954,1,5,13,22,27,48,53,79,109,143,341,517
955,8,14,69
956,3,4,13,14,61,359,386,691,1596,3531
957,9,13,21,28,31,33,47,48,133,342,424,575,1660,8593
958,5,703,3912
959,493,666,1350,1489,3312,3455,5252,6074,6854,11272
960,7,9,26,50,59,136,194,331,463
961,3,123,272,287,396,874,1235,4853,7580,10010
962,41,56,100,171,647,990,6286
963,1,20,38,61,381,2300
964,67,255,800,1610,12899
965,7,12,15,105,119,291,591,2700
966,3,35,65,114,149,169,614,816,1422
967,13,39,43,135,172,1331,2158
968,2,19,27,201,784,918
969,1,3,10,15,37,54,65,175,285,309,567,624,4193,8260
970,1,30,156,657,1352
971,155,245,4721
972,3,4,18,52,174,5667
973,5,161,710,802,1303,2821,5634
974,18,55,72,130,159,226,1290,2626
975,14,64,127,210
976,133,370,1550
977,3,31,283,298,330,563,816,1108,1146,1173,2628,18422
978,19,20,50,698
979,8,29,77,134,200,2648
980,1,10,19,79,190,193,245,646
981,5,54,207,276,1592
982,10,20,39,40,137,165,176,337,413
983,3,19,31,248,456,834,1168,1441,1937
984,1,11,132,286,355,621
985,5,119,204,359,481,1198,1875
986,2,6,12,41,74,194,325,463,840,1278
987,21,67,133,445,477,2867
988,1,3,4,20,23,25,60,104,192,242,353,380,1074,5580
989,3,207,287,391,1695,3915
990,2,29,121,124,227
991,1,2,28,55,61,66,72,236
992,2,5,12,19,23,110,117,190,199,1118,1964
993,1,25,139,344
994,5,20,204,306,478,576,900
995,146,245,421,638,1830
996,9,16,53,72,207,711,1008
997,1,3,26,45,122,158,247,417,421,646
998,3,6,9,31,38,48,56,76,96,137,1153,1180,7570
999,1,17,106,132,2374
1000,5,22,1566
