1,684,685,735,946,2406,2626,2627,3927,4259
2,20,23,43,76,105,196,367,385,974,975,3717
3,1,58,98,114,134,200,440
4,89,102,5386
5,20,81,1831,1956,7085
6,89,348,605,820,4782,7904,20050,20051
7,167,248,494,602,624,984,3174,4868,4988,6307,11506,19220
8,23,43,77,79,134,344,367,615,751,1520,2772,4191,10175
9,104,109,244,349,6781
10,105,196,659,1058,1061,1233,6294
11,21,101,141,171,432,440,1064,1491,2311
12,20,21,39,40,613,1786,3971
13,25,200,241,624,4318
14,89,90,706,955,5582
15,480,651,4428,20758
16,24,206,706
17,43,64,89,90,109,196,1688,3980
18,1,123,145,171,191,241,878,1371
19,21,57,79,149,257,349,425,500,588,1746
20,8,99,318,401,2318,5164,7874
21,21,76,109,196,275,336,923,1186,2061,6875,14100
22,10,20,21,43,64,77,275,357,500,859,1746
23,134,236,912,1168
24,45,81,272,1780,2110,2332,5757
25,542,764,780,826,9208
26,81,349,431,635,693,1114,1721,2656,6166,14570
27,10,41,102,1928
28,13,43,348,351,634,736,1081
29,57,171,2329,11641,13015
30,45,52,63,196
31,37,74,411,1081,3679
32,36,134,139,385,486,625
33,21,23,43,76,89,90,206,239,297,13217
34,21,87,443,889,2962
35,1,36,171,620,678,826,936,979,1251,1678,4365
36,21,109,114,236,308,556,3154,3290
37,20,42,87,236,1372,2911
38,14,41,488,515,965,991,1021,1368,8652
39,195,1053,1101
40,490,1969,2023
41,10,21,167,203,290,482,494,1894
42,21,36,123,399,1092,1286
43,76,87,195,620,704
44,781,1746
45,1,60,134,148,149,236,583,2765
46,1,5,21,49,1021
47,21,489,775,1112,1615
48,1548,4032
49,10,21,44,99,134,156,328,825,1651,1820
50,21,74,235,440,1002
51,74,149,167,171,206,375,1057,1146,1869,3227,17516
52,47,63,87,145,188,236,241
53,14,89,348,482,2003,4392
54,1,58,489,2334
55,20,21,23,87,196,716,834
56,20,64,134,196,385
57,21,103,148,328,342,348,388,3531
58,37,70,87,620
59,17,239,995,1125,4382,7900
60,10,18,21,257,2615,3467,4020
61,10,43,50,64,134,457,2957,6465,6466
62,149,195,261,715,1362
63,10,17,18,22,23,39,74,158,336,695,5689,19802
64,109,175,1157
65,21,30,43,64,655,2497,2569,3397,9866
66,95,610,670,2131
67,8,318,443,863,933,1043,1125,1556,3173,4040
68,188,189,3143,3435
69,4,47,73,100,134,197,275,328,376,454,935,1492,8049
70,98,614,658,7177
71,1,5,23,167,196,349,367,694,799,974
72,15,318,700,1268
73,134,308,858,1644,2528,12630
74,21,101,116,171,457,1424
75,82,114,134,1002,1152,3407,5518,14368
76,37,196,229,431,1637,4353,5482
77,348,1005,1479
78,87,340,537,10157
79,1,49,141,1184,7484
80,21,105,539,1482,1651,4515
81,95,409,694,898,1058,1059,1061,2196,2197
82,21,37,100,214,315,751,1315,4626
83,20,21,23,83,105,134,190,375,685,974,1370,7539
84,21,76,308,343,555,774,1459,1550,1552
85,109,134,3475,3627,8646
86,10,15,21,36,47,64,87,123,474,619,1619,1641,2936
87,21,190,203,294,460,874,2519,13520
88,242,365,651,991,2621,3300
89,1,20,21,23,43,76,196,236,397,750,828
90,23,63,145,250,367,521,678,731,2118
91,13,74,98,203,312
92,89,98,190,367,610,1386,2962,3922,5810,18219
93,17,19,20,37,43,190,575,1690,2980,3197,5455,6095
94,23,58,89,196,844,2177
95,8,10,134,486,562,634,783,1517
96,20,21,74,101,148,175,190,206,256,318,375,1315,1655,2459
97,21,23,43,406,761,1903
98,10,22,74,76,141,367,425,1344,4308
99,60,149,482,839,2477,2540,8661,11171
100,10,75,187,327,1604,2644,2646,5549
101,9,81,195,600,816,3022,4265,5468,5579,6460,7101
102,36,87,461,1085,1346
103,167,203,482,1567
104,58,229,236,650,657,659,662
105,21,43,44,64,365,518,768,883
106,84,242,845,950,1713,3963,4249
107,7,21,36,38,145,367,425,1605,4474
108,21,30,64,196,575,685,883,5752
109,4,134,376,620,12036
110,21,40,643,3227,3467,18377
111,21,22,167,367,613,982,1232
112,14,89,177,318,436,539,1002,1070,1179,2727
113,90,241,312,706,962,1246,6086,21337
114,29,167,203,713,1251,3775
115,19,1014,1915,3298,5752,6475,11080
116,36,47,280,678,2277,13614
117,21,43,84,634,738,2302
118,43,44,47,76,134,340,1037,4269,7715
119,10,21,23,43,64,72,76,137,367,1074,1688,1724
120,100,134,139,140,189,243,349,376,3000,6269,9370,9371
121,134,135,263,310,459,962,16510
122,21,98,103,1420,1924,4919,17310
123,21,22,43,197,493,878,913,1619,2516
124,1,49,105,134
125,21,22,257,1890,1895,9688
126,49,62,99,723,1179,1193
127,1,58,89,241,291,8212
128,13,21,109,134,344,447
129,13,20,21,141,283,643,1463,3611,8229
130,109,116,236,274,726,2596
131,87,167,196,399,1748,2411,3360
132,76,82,141,708
133,10,18,51,63,134,184,189,196,273,367,425,812,869,1393,8064,13382,16631,18123
134,87,330
135,628,1176,1241
136,127,134,2062,3420
137,49,113,1014,1658,1788
138,241,348,984,1125
139,132,1087,5338,9271
140,10,18,36,47,87,145,236,1069,2248
141,43,44,57,58,66,123,138,199,792,1219,2162,7584
142,13,49,50,51
143,195,262,466,510,659,827,872
144,14,87,202,241,554,938,2516
145,49,118,119,228,367,432,972
146,348,460,729,3112
147,1,58,99,109,1869,7884
148,203,275,613,1351,14461
149,7,36,47,87,149,241,367,704,4474,9418
150,27,57,349,1147,2728,5220
151,21,64,96,132,134,196,425,869
152,47,109,555,1275,2508,2982
153,21,23,68,109,237,367,497,3051
154,13,134,440,482
155,134,196,1184,1434,1803,2982
156,21,23,43,99,139,349,367,946,3100
157,39,76,195,196,466,616,620,878,3573,14870
158,58,261,489,2643
159,43,318,339,592,687,896,899
160,4,23,43,243,425,873,986
161,10,22,49,197,257,276,1005,1159,5304
162,651,672,1458,1684
163,22,195,196,197,336,425,461,1670,2500
164,21,89,90,196,296,297
165,4,196,280,643,659,723,899,1716
166,21,23,66,67,75,98,116,138,196,257
167,23,43,349,1184,1219
168,44,132,134,196,680
169,21,67,87,375,385,553,633,2955
170,87,109,241,1828,5679
171,57,101,171,196,206,1371,1748,1893
172,1,63,723,965,2319
173,57,58,624,774,1163,3518
174,2,19,89,367,5159
175,105,109,250,604,1005,7982
176,10,203,336,391,461,1251,2859
177,10,22,23,72,76,376,566,973,1306,2944,3520,4300,17443
178,21,101,219,230,344,348,792,1447,2520
179,36,145,240,385
180,84,455,562,2959,4373
181,21,134,453,459,1211,1560
182,8,21,43,244,994,1950,2013,2866
183,21,47,60,100,700,828,1795,2849,7988
184,145,167,190,241,384,388,443,820,944,950,2269,4915
185,44,134,367,656,685,925,1037,1147,2034,2352,2353,2354
186,10,21,23,87,196,351,513,1045,1179,1335
187,17,98,131,318,502,1971,3302
188,87,1426,1504,2109,2572,2999,5739
189,89,241,356,881,19960
190,195,197,482,785,1290,4408
191,10,47,74,109,236,285,344,566,614,994,1044,1520,2101,3733,4384
192,49,214,375,455,3173,3698
193,1,58,139,922,2426
194,89,95,1245,4761
195,13,123,239,241,356
196,33,37,78,161,409,907,1021,1938,11592
197,31,274,458,989,1371,2169,9320
198,172,195,436,764,1386
199,10,57,58,204,256,284,342,651,2442,2765,3398,4318,5141,10303
200,143,235,248,367,675,1034,2004,2948
201,21,37,328,581,1543,1947,2511
202,74,82,98,145,148,318,443,494,678,812
203,10,89,134,436,460,822,1116
204,87,175,5329,9449
205,114,473,1364
206,29,102,353,2797
207,284,850,1545,1977
208,92,101,109,134,171,262,539,747,758,3739
209,21,22,43,1206,3467,5159
210,1,16,43,102,1057,1830,4300
211,57,58,89,349,613
212,21,43,64,581,953
213,57,58,6505
214,10,43,47,134,425,1179,1773,2773,4257
215,21,23,68,236,241,291,454,498,974,1186,2374,3334,4902
216,43,64,74,101,105,344,685,1373,2646,3149
217,13,21,63,132,741,8064
218,74,89,105,436,460,1245,2193,2375
219,57,195,369,741,872
220,21,23,76,109,196,237,397,505
221,7,21,39,367,468,471,699,827,874,2610,3298,7628
222,14,348,613,714
223,10,20,74,203,482,1781,3765,8871
224,134,847,1304,2013
225,134,1768,3244,6125,13330
226,21,76,228,420,2758
227,21,43,64,98,639,901
228,591,2790
229,1,12,59,89,187,436,2375
230,10,21,23,87,116,241,746,2405,11529
231,603,1830,1831,4754,5351
232,10,22,23,37,39,49,92,275,367,397,695,1186,5212,5361,13504,13505
233,13,297,1130,2056,20098
234,1,113,349,398,780
235,167,283,336,349,460,461
236,21,23,109,196,237,505
237,1,21,36,367,436,1602,1603,1638
238,87,603,4476,5934,10460,10461
239,19,43,87,109,188,241,274,367
240,8,49,613,1125,4353,4354
241,10,21,22,23,37,43,75,98,327,457,2008,3197,5202,6479,11134,17823
242,14,89,202,348,490,542,1697,2071
243,87,123,330,719
244,22,105,875,929,1684,2715
245,22,43,367,425,1112,1206,1878,2375,3266,4959
246,10,14,21,101,236,348,351,3321,4892
247,134,148,651,768,978,1458
248,1,235,336,603,924,1151,8797
249,10,20,37,43,188,189,265,272,275,652,1132,1219,1789,3154,3302,3551,6510
250,21,22,23,78,131,6132
251,36,59,490,1085,1567
252,10,58,74,98,456,1014,1725,1812,5602
253,10,23,43,57,58,76,196,349,376,425,974,5298,13113,13114
254,21,23,43,64,76,196,236,955,962,1034,1180,10429
255,21,738,764,4410,6142,11815
256,1,21,22,37,47,92,445,613,13388
257,21,44,132,1558
258,36,56,87,101,145,203,241,1200,1235,1306
259,21,64,89,104,109,123,643,3823
260,13,171,267,283,455,898,1282,3101,15299
261,36,87,123,145
262,21,158,384,458,546,925,944
263,89,283,356
264,10,43,76,78,196,295,665,666,971
265,37,134,406,761
266,49,628
267,195,197,367,461,741,1594,1598
268,101,145,332,438,1178,1393,1806,2534,8437
269,10,13,20,21,64,134,257,267,431,458,1532,4667,4943
270,81,190,196,197,280,343,462,474,1992,3262,4896,6014,8703,10002,10003
271,21,22,196,367,610,670,741,1058,1121,1206
272,1,58,89,114,436,2108
273,10,22,37,45,318,367,404,406,761,953,2263
274,10,21,23,75,76,236,330,638,847,996,2868,5839
275,1,10,21,58,98,99,112,588,592,614
276,87,206,1369,14955
277,37,76,104,109,250,643,3029,3335
278,13,21,76,105,132,367,5159
279,193,225,349,539,613,3397,11898
280,59,250,819,820,2530,4915,12225
281,17,29,187,367,700,704,820,1268
282,87,456,459,1091,1396,10856
283,44,87,109,241,2658
284,59,440,855,1002,1156,4998
285,21,36,206,243,257
286,109,261,1786,8674
287,37,235,308,448,1152
288,23,43,123,139,232,349,700,974,975,1640,3717
289,620,3932,10459
290,518,741,768
291,8,21,123,951,1159,1161,1336,10017
292,2281,4284
293,1,58,555,1019,1535
294,272,1077,1875,7109
295,20,348,620
296,116,171,241,349,1640
297,1,493,2360,5458
298,21,43,64,92,370,1247,1688,2027,7725
299,129,283,875,977,1392,5624
300,10,21,49,113,226,275,490,668,1112,1865,1917,2887,6002
301,58,87,140,191,708,984,1940
302,21,236,349,770,1640,6132
303,70,401,850,3403
304,39,58,60,226,276,699,797,829
305,134,152,1290,2229,3581
306,228,353,614,620,847,1168,2318,2404,4775
307,22,102,1002,1422,2128
308,1,20,21,190,235,502,1034,1088,1371
309,4,58,442,2820
310,187,195,613,699,874,6019
311,21,49,105,774,866,1359,1971
312,123,240,518
313,21,43,226,263,309,310,367,385,595,13438
314,89,356,613,4506
315,37,347,2374,5404
316,37,98,256,425,613,893,2334,5458
317,49,89,236,3823,6241,8203
318,21,36,196,714,1176,2355,2461
319,21,66,100,134,1642,4179,4703
320,41,887,991,1745
321,1,22,23,349,367,381,1064,1189,2578,5852
322,1,49,105,2562,4197,7432
323,5,87,101,957,1016,1088,4301
324,391,455,2100,3636,5018
325,17,134,174,175,301,901,994,1497,1730,2717,4646
326,51,87,105,158,175,197,250,454,627,1022
327,17,21,22,23,141,151,184,190,196,397,460,740,3863
328,123,167,206,240,9556
329,20,63,76,188,236,257,318
330,43,132,134,520,613,768,1089,2911
331,75,76,229,436,1113,1241
332,17,613,2271,3110,5323
333,347,489,764,823,6014
334,81,109,348,455,851,1645
335,566,1241,1735
336,1,20,105,123,875,1064
337,10,109,134,329,455,537,867,1418,2772,2988
338,17,43,204,494,867,2109,3440,4641
339,18,21,64,257,510,871,900
340,101,193,349,566,840,901,1926,3758
341,241,2437,4805
342,49,1102,3208
343,20,43,190,286,328,1098,1206,1241,1245,1248,2377,6204,19797,20526,20527
344,8,18,43,102,431,1716,1757,3334,9353
345,195,197,425,436,620,827
346,21,22,43,832,1986,2216
347,10,11,236,638,770,6095,6261,10636,10639,10640,10641,10642,10643
348,10,20,21,349,613,706,1053,1457,1695,2502
349,21,244,3316,6217
350,52,58,405,1074
351,22,58,99,103,318,832,940,1008,11109
352,6,105,145,244,306,602,1227
353,84,85,456
354,10,17,21,74,850,2796,3268,3269,3270
355,43,50,51,57,58,92,117,133,134,362
356,57,58,89,405,646,1806
357,1,21,105,114,244,539,953
358,20,76,81,87,109,241,455,613,1839,2724,7330
359,460,6459,13010
360,149,203,211,1594
361,10,13,21,68,206,695,2464,6366
362,14,63,761,845,2367,3279
363,17,610,1059,2790
364,1,10,43,74,75,100,167,171,196,482,1219,1290,4025
365,21,22,37,206,257,375
366,292,318,3936,5455
367,59,235,8614
368,123,149,239,555,1026,1102,2959,3035,4249
369,87,241,3440,3606,5143
370,1,21,41,43,365,683
371,22,23,85,1538,1544
372,10,43,50,171,174,175,285,603,2803,3342,3785,4430,12850
373,36,59,904,1085,2984,8896
374,100,228,318,425,700,736,828,1094,1417
375,23,50,89,90,114,134,2782
376,20,23,43,76,134,275,962
377,3,89,134,195
378,37,46,132,318,427,763
379,123,233,557,1013,3042
380,87,88,101,123,145,438,550,2152
381,23,76,134,149,425,700,934,1412,1651
382,768,1303,1493,3874
383,18,44,134,140,145,1037,1207,1875
384,196,228,357
385,81,109,455,1370,1428,3209
386,1,58,105,2406
387,21,22,141,175,5455
388,58,156,178,2981,14655
389,1,101,134,171,347,941,1956
390,21,248,2995
391,17,20,241,330
392,21,184,248,274,1417,1434,1802
393,37,145,495,1558
394,6,17,89,134,456,588,643,4074
395,21,31,43,89,90,171,236,241
396,17,47,256,781,787,942,6419
397,18,20,21,76,241,257,824,889,3055,6432,7298,8609
398,922,951,1096
399,431,1053,1206,1241,7007
400,21,89,310,1186,1767
401,50,60,87,101,109,141,171,239,241,275,628,8750
402,1,130,132,134,997
403,8,87,195,1306
404,250,308,458,2169,3842,4743,17847
405,20,533,737,2763
406,1,21,137,261,809,830,1528
407,31,43,87,226,336,500,675,1370
408,566,671,2115,4149,5570
409,10,56,87,98,167,228,333,365,427,462,537,586,901,933,934,990,1147,4330,4415,6476,8035,8036
410,87,101,189,750,6276,14447
411,49,613,620,893
412,87,140,145,196,235,1002,1371,3638
413,1,58,456,1179,2254,9723
414,4,41,76,134,197,235,901,3070,6095,9987
415,1,10,21,38,52,280,699,706,763
416,241,854,1002,1179,2374,2756
417,10,21,36,42,43,109,197,776,872,1513,5613
418,10,36,212,613,699,731,1411
419,1,17,43,613,1370,1458,1550,1552
420,31,43,123,704
421,10,87,330,6169,6170,12732
422,58,149,511,683,1219,1577
423,21,50,64,75,145,832
424,10,74,95,367,425,436,1206,1386,1738,2193,12010
425,21,99,134,456,684,1068,1186
426,87,101,109,116,19742
427,87,123,240,330,555,768,1370,2222,2717,6959
428,8,21,68,82,206,500
429,6,21,51,74,90,92,101,236,263,566,956,962,972,1111,1551,4819,5944
430,17,74,89,200,317,1034,4074
431,64,75,134,405,566,832,899,2752,2899,3262
432,6,21,36,43,197,257,614,1128,2420,4418
433,20,235,241,700,944,950,2705
434,1,20,21,23,49,50,75,105,134,261,889,1064
435,18,36,123,283,425,984,1748,3167,6568
436,21,37,105,357,655,3345,7366
437,21,431,694,822
438,58,3407,11868
439,17,2375,10025
440,21,99,177,493,763,768,978,2360,4429,7807
441,47,864,1458,2360,5458
442,87,236,241,297,480,963,4804,5582
443,20,21,123,134,363
444,21,36,1558,4428
445,10,49,148,424,764,875,987,1387
446,267,312,1795,4741,7711
447,1,17,81,542,714,1400
448,21,76,89,90,537,554,7055
449,1,14,123,134,349,550,1271
450,5,10,134,206,261,375,799,890,1767,3589,4127
451,196,235,248,336,890,2945,3050,4651,5760,5803,7851
452,29,171,628,1113,3561
453,1,4,58,149,388,614,774,9050
454,20,21,23,275,367,397,554,725
455,29,203,312
456,176,248,317,511,875,2282,2879,3479,3888
457,21,23,75,167,328,397,430,799,2072,19645
458,4,10,23,109,114,134,244,376,455,844
459,89,1362
460,60,84,85,87,455,695,1428,3925
461,609,1070,1176,2842,2935,3879,3880
462,14,114,132,134,262,1357
463,89,195,196,261,476,8710
464,17,89,425,436,1386
465,43,134,634,1889,4489
466,8,21,49,261,436,1894,2727
467,17,425,489,781,872
468,109,188,346,913,4344,5325
469,20,21,104,149,267,1206,3362,12458
470,236,699,2151,15981,15982
471,21,98,131,149,320,328,406,425,462
472,105,134,145,196,385,1417,18046
473,21,49,764,2072,4409
474,21,910,4213
475,89,348,785,1109
476,20,44,349,975,1670
477,21,63,188,236,263,625,698,702,1366,2029,2177
478,6,14,103,134,333,922
479,1,87,274,557
480,134,1141,1794,1797
481,1,8,10,20,21,22,44,131,134,243,263,275,424,497,746,847,1036,1128,1717,1718,3415,4111,4254,5960,5961
482,87,129,240,241,336,387,391,935
483,1,22,58,430,493,1619,2242
484,1,318,431,610,14201
485,21,42,123,132,141,236,332,4890,7924,13493
486,195,196,283,448,878,913,3016,3328
487,101,134,206,375
488,10,87,232,241,533,595,704,1054,8032
489,21,92,971,2344
490,88,182,349,978,1969,2152
491,52,134,189,706,1806
492,89,318,407,628
493,4,64,75,223,318,367,482,588
494,17,31,43,984,5622,6014,11973
495,134,187,263,2177
496,901,902,1564,2246,3469,3909
497,22,318,430,445,625,1087,12759
498,22,23,134,196,746,1004,2355,3630
499,6,22,141,306,700,875,1506
500,43,49,929,1552
501,41,43,134,512,1513
502,1210,1409,6368
503,21,41,766,781,1438,2621,3805,11640
504,132,134,189,2065,4085
505,92,764,776,1070,2406,3105
506,22,23,275,518,2099,2160,6854
507,89,293
508,132,236,1081,4182,17956
509,8,14,21,123,189,965,1266,7183
510,1,241,293
511,89,349,1279,1501,9635,10528
512,37,87,241,267,482,1191,2657
513,507,991,3035
514,236,330,387,8050
515,87,105,175,241,714,2728,5219
516,229,346,458,5680,8553
517,167,195,466,613,727,828,1466
518,6,178,1930
519,21,494,764,1244,1558
520,349,1670,5470
521,5,566,1451,1586
522,21,351,623,962,2008
523,134,141,596,874
524,21,113,275,398,1070,3398,4107,4109
525,31,156,353,367,502,1465,6906,10591,11834
526,10,74,206,235,340,620,701
527,116,537,602,994
528,597,845,1176,1626,2995
529,1401,5811,7513,17449
530,1,29,284,351,457,562,3784
531,87,489,1940
532,23,43,76,89,90,425,971
533,20,102,502,1465,1875
534,257,272,381,1756,2107,4070,8441
535,261,323,637,728,1031,2223,2287,6001,17251,18573
536,1,43,75,206,349,397,1492
537,17,22,43,101,145,204,226,236,306,367,583,828,2000,2481,5313
538,21,280,437,838
539,167,195,197,460,482,827,1594
540,8,21,22,257,725,1184,5630
541,21,41,443,613,1758,3114,6357
542,196,349,367,620
543,37,113,349,708,2963,5411,19516
544,21,275,962,971
545,1,17,81,109,370,455,457,2273
546,21,22,385,458,976,3146
547,14,21,49,192,239,391,2734,3044
548,4,10,103,197,443,474,583,669,698,1148,1534,1969,2404,8539,19686
549,156,158,250
550,10,21,76,123,189,238,275,387,392,480,1145,1204,1608,1746,2894,3000,3368,5471,6834,7662,10153,13382,19276
551,57,171,440,774,1245
552,98,466,741,1241,1665,2375,2717,9668
553,1,22,49,109,347,1437,4198
554,17,21,74,211,575,624,1186,1295,1400
555,21,47,75,105,197,498,500,832,1451,2723,4073
556,47,58,223,340,480,1099,3362,5199,7037,11408
557,43,49,100,349,703
558,21,33,347,678,1219,2028,4198,5163,6650
559,21,47,431,459,741,823
560,41,87,228,241,418,548,3261
561,52,57,58,76,146,1726,1727,3673
562,49,50,284,506,832,1069,1253,3143
563,49,323,494,4418
564,105,418,1417,2674
565,49,64,206,257,922
566,81,98,104,134,196,235,241,289,555,704,1110,1373
567,18,241,242,349,389,613,813,902,1176,1699
568,21,196,226,236,281,397,1221,1373,1746,2654,3302
569,87,145,323
570,10,17,20,81,235,241,348
571,8,10,51,57,58,101,367,460,685,807,1717,6792,10527
572,1,123,284,941,1469,6245
573,21,22,670,1023,2442,2796,2873,3341,5545,20159
574,27,241,261,262,1176,1621,3747
575,1,92,134,349,1163,2995
576,1,10,43,432,768,774,875,1552,1869,2715,6539
577,21,36,43,489,494,1112,1351,1597
578,21,248,275,353,375,612,2281,5746
579,1,10,43,76,171,190,196,239,462,1371,3580
580,37,245,356,537,3427,5752
581,7,102,1786,3561
582,704,2411,3963
583,21,1676,2028,2442
584,149,195,197,312,425,687,736,1344
585,57,58,1472,3405,6282,7120,8369
586,83,105,134,424,901,1858,4447,4448,4449,4450,4451
587,833,1306
588,43,118,119,131,134,145,1465,4071,4515
589,21,87,145,241,260,545,2814
590,8,114,124,349,424,436,874,2519,2727,9196
591,18,103,123,133,134,196,240,391,755,922,1773,2079,2080
592,81,175,208,4371
593,17,31,43,197,425,518,768,994
594,5,23,49,285,348,367,1499
595,22,37,206,223,257,339,432,1219,3609
596,312,613
597,21,105,237,240,328,489,1182,5906
598,52,318,706
599,235,241,459,1990
600,21,47,101,1115,1609,2644,5115
601,8,37,43,76,148,196,228,330,349,367,588,685,1640,5159,9010
602,43,489,1112,1558,2116,2658
603,36,51,86,241,284,351,1282,2887,10994
604,95,610,928,2375,6724
605,22,43,70,100,875,1857,2461,6070
606,134,149,206,1194
607,30,134,406,516,699,706,9872,19748
608,36,195,196,460,620,1351
609,87,150,202,236,241,440,592,996,1364
610,145,171,385,941
611,10,30,36,39,105,167,328,445,736,740,899,2448
612,8,348,375,482,901
613,21,281,447,518,883
614,78,90,131,244,263,8016
615,4,10,81,114,134,241,243,1701,3055,11552
616,672,764,1392
617,58,131,940,1409,1465
618,21,72,206,344,375,781
619,82,105,318,10463
620,21,117,845,1737,2896,2933
621,1,36,349,425,774,1080,1691,1696
622,174,196,235,675,830,1013,1371,5650
623,171,1831,2728,13044,13893
624,10,74,101,105,203,989,1943,2655
625,21,43,49,105,261,1064
626,23,367,638,3266,4690
627,10,21,197,871,1964,4429
628,10,87,206,237,242,430,447,505,678,1592,2377
629,21,123,240,398,399,719
630,21,43,203,228,357,1894,1895,9355
631,10,21,22,87,190,196,257,328,367,432,933,4893
632,27,459,602,986,1108
633,16,22,50,339,1057,3146,14265
634,21,272,458,1002
635,21,148,189,190,975,978,1133,4545,4667
636,88,89,328,330,741,1204,1245,2152,3420,12055,12056,14653,20608
637,1,22,23,43,148,283,349,367,1691
638,57,89,349,975
639,43,167,195,460,482,3831
640,13,171,241,557,10999
641,21,116,131,497,962
642,87,202,595,704,2036,2303
643,22,23,49,149,184,206,367,462,832,1008,3883
644,109,116,235,274,308
645,236,365,366,766,1724,2261,3403
646,195,197,263,482,785,1290
647,40,190,223,338,339,454,2695,4942,5804,8720,14814
648,36,134,241,668,1219,3799,7493
649,87,241,863
650,167,367,764,826,975,1392
651,13,36,43,54,148,349,397,1206,1245,1423,3362
652,2074,2647,2934,4749,17997,17998,17999
653,21,57,58,2562,3771,4927
654,10,87,109,191,280,613,727,936,9435
655,318,704,1179,1200,1351
656,1013,1015,1018,3360
657,5,10,82,101,206,209,344,348,1046,1090,7394
658,1,29,89,171
659,8,109,206,318,912
660,149,195,659,672,713,714,827,834
661,76,145,167,195,613,1362
662,17,489,1598,1748,3914,6014
663,87,239,846,899,2338
664,21,23,36,72,76,123,134,145,257,874,1513,1843,5448
665,21,226,699,829,1724,2845,8720
666,17,60,148,336,455,622,853,1852
667,37,219,1821,2096,13670
668,195,261,367,436,822,1736
669,21,23,190,367,425,1383
670,21,43,206,341,764,823,914,3649
671,21,98,555,604,1858
672,1,20,45,69,134,236,458,2080,2862,2863,5052,20943
673,21,23,43,399,582,1268,1894,4451
674,145,236,336,1071
675,18,23,349,353,693,6808
676,10,37,76,533,625,3290,3926,3963,5949
677,1,23,58,275,349,367,437,1098,1650,2910,8204,9128
678,64,76,92,196,344,1688,3179,6014,9604
679,37,148,195,196,261,822,1594,3954,4265,5579
680,1,18,22,43,349,397,929,1230
681,21,240,358,363,494,820,2069,17816
682,349,431,614,2636,6507
683,342,887
684,10,23,58,72,344,367,1387,1470,1513,16947
685,85,1103,1432,3820
686,149,188,239,261,323,348,936,1362,2256
687,22,43,134,206,546,613,727,1036
688,1,10,43,263,286,349,413,491,779,792,813,866,1370,1550,2459
689,102,200,283,436,658
690,18,197,613,614,865,3930,10656
691,134,167,170,774,1108,1869,1970
692,4,57,58,328,347,1182,14599
693,14,47,71,366,819,820,2080,10704,13060
694,89,195,552,600,620,2443,8263
695,1,58,89,114,436,2108
696,20,21,456,845,910,5385
697,21,123,149,155,713
698,17,20,81,1747
699,76,145,195,196,482,495,740,827,9304
700,349,628,672
701,149,163,407,1558,10551
702,21,134,200,392,455,516,699,1709,2036,3800
703,23,36,43,69,72,76,202,493,494,700
704,20,50,51,58,614
705,1,58,174,625,646,1306,2153,4995
706,21,36,275,761,863,7258
707,1,58,482,2983
708,1245,2790,8893
709,18,76,131,182,196,318,494,2226
710,241,506,507,714,824,845,1910
711,37,134,158,764,2281
712,1,10,74,202,241,348,542,592,726,753
713,189,349,406,706,1805
714,18,21,89,1090,1296,2948,6245
715,317,764,978,1392
716,58,137,270,367,678,834,886,940
717,21,98,99,123,384,385,549,550,627,1817,2229,3510
718,21,36,367,425,1085,1575
719,20,21,22,43,75,257,280,397,518,899
720,13,14,385,427,746,2129,12274
721,1,10,58,327,425,436,941,1638,2972
722,10,21,47,132,236,442,630,994,1833,6295
723,6,10,21,23,52,87,105,872,874,1023,1475,2040,3114,10565
724,21,23,92,149,228,343,474,614,1789,19558
725,13,44,54,63,87,242,330
726,348,473,963,1364
727,76,89,134,141,2177
728,14,21,76,100,132,134,196,275,614,714,2185,3491,3642,4102,5009
729,256,431,822,1098,1241,1696,1736,2377,5591,9775
730,17,29,47,328,562,4742,8938
731,236,602,613,1069,2129
732,10,21,43,103,104,244,827,1022
733,43,44,76,196,367,490,731,1112,2525
734,610,741,1058,3758,4807
735,20,43,76,235,236,257,424,2094,5810
736,1,4,87,134,330,1848,9120
737,36,59,123,490
738,22,43,74,76,245,502,530,654,1042,2311,3194,3759,4299
739,21,98,132,196,296,330,695,851,889
740,13,197,571,603,1619,7593
741,460,741
742,1,23,44,46,72,118,119,132,250,367
743,1,21,102,123,234,985,2407,7546
744,9,17,755,845,3963
745,183,690,2256,2780,2957,8229,13999
746,23,37,78,976,1470,1670
747,21,217,219,230,236,462,20646
748,366,518,1786
749,203,312,863
750,123,489,490,1367
751,17,241,248,515,1109,8566
752,21,236,700,971,2535,3076,3969,4175
753,13,21,140,189,228,490,493
754,21,123,250,555,747
755,21,47,148,706,912
756,51,235,447,1504,1679,2579,2878,3963,8081,8720
757,36,145,232,241,1198,1200
758,5,109,241,284,348,834,867,1179,4467,6980
759,100,134,391,510,933,1036,1927,2118,2309,3000,6432,17020
760,18,22,76,167,195,262,466,712
761,76,167,195,262,367,466,712
762,10,51,134,367,959,971
763,20,47,63,69,240,366,385,1752,2448
764,2,89,610,1831,11298
765,1,20,21,99,1561,1637,1638,4353
766,76,131,134,651,1062,1458,1465
767,1,10,167,206,310,581,955,959,1130,2950,6307,9403,20258,20259,20260
768,21,43,139,140,189,228,1381,1466,4699
769,21,49,89,353,620
770,17,29,365,518,1768
771,52,195,542,1085,1903
772,21,43,105,190,197,257,370,1022
773,134,344,459,792,2957
774,76,364,613,815,1493
775,13,17,1616,1713,2229
776,17,241,312,6218
777,10,49,82,206,228,562,563,683,1149
778,8,195,196,197,261,460,1957
779,50,72,134,141,257,367,700,872,5174
780,10,21,22,23,37,43,51,75,92,118,140,243,397,497,634,685,725,746,934,2551,3306,3642,5217,7482
781,1,21,89,202,267,482,592
782,58,90,263,387,1034,1995
783,25,241,787,900,1670
784,21,23,76,87,101,474,562,2911,12236
785,235,241,2658,3184
786,10,161,603,727,1637,1741
787,87,197,1125,1515,2793
788,555,610,670,1061,1386,2454
789,21,141,196,553,781,10812,10813
790,10,21,60,72,432,516,683,9896
791,17,134,206,424,998,1002,5125,8924
792,47,256,493,706,875,975,1398
793,10,239,453,458,533,687,1255,1507,1815,3293,11646
794,21,89,90,109,191,235,275,280
795,50,196,268,269,699,828,1088,1132,1299,1796,1878,2146,3449,4946,7414,9480
796,167,195,460,1959,1960
797,99,124,348,851,1451,1477
798,23,49,263,367,6792
799,89,348,1065,3253
800,21,123,240,845,1159,1471
801,159,171
802,344,1253,1254,1598,3182,5299,10156
803,43,196,229,431,1219,1561,1612,4353
804,123,234,363,958,1095
805,21,23,105,1219,7273,8652
806,430,652,678,2680,2882,4045,4052,4637
807,36,43,134,145,196,385,534,700,1219,1417
808,1,102,440,1002,5934,8542,14008
809,140,145,189,350,18824
810,148,318,768,978,1112,11599
811,43,196,539,1869
812,602,704,2396,5105
813,49,167,425,460,741,922
814,134,391,1417,1612,2747,2814
815,47,196,613,2277,12037
816,89,353,610,625,702,1735
817,5,23,76,94,196,385,494,2525
818,36,57,274,282,349,455,622
819,87,109,274,283,405
820,1,21,22,23,43,182,490
821,10,74,76,89,101,197,6564
822,975,978
823,20,418,1393,2474
824,135,235,698,2029,2396
825,109,134,534,685,699,18142
826,39,291,317,1658,1828,2863,4747,6093
827,13,87,145,167,240
828,20,21,67,866,1109,1550
829,67,189,235,838,944,951
830,36,109,195,878,1045,1139
831,22,141,148,149,261,367,534,953,2360
832,123,156
833,43,75,131,367,591,597,700,5090,7000
834,86,624,3413,3414
835,20,349
836,18,75,358,554,746,902,2160
837,196,229,850,3984,13783
838,21,145,250,393,610,812,2091
839,460,1567,7749
840,728,981,984
841,10,17,22,23,43,74,196,283,295,357,665,666,3078
842,21,66,67,98,698,1534
843,21,23,367,768,7100,7283
844,349,385,768,975,2226
845,21,145,1576
846,18,21,43,89,100,1036,1470,4252
847,21,90,134,344,387,443,613,2129,4829
848,76,167,197,203,262,1251,1531
849,41,84,2705
850,10,21,23,43,197,206,297,643,820,9401
851,312,741,1058
852,22,47,49,105,134,261,685,940,1267,1268
853,1013,6465,6466,14655
854,10,43,105,132,134,244,480,965,966,999,1709,6063,9332,9334
855,22,167,318,728,981,4211,5872
856,10,43,228,237,285,348,425,1757,4803
857,21,23,58,116,196,534,657
858,21,167,613,1894,2912,4513
859,141,544,1180,2894,8494,19753,19754
860,52,336,349,1351
861,750,922,1175,1179
862,610,670,9363,9676
863,131,132,349,613,1465
864,20,123,330
865,44,132,195,328,1558
866,1,58,141,343,534,2049,7981
867,21,43,64,375,1686,3451
868,76,81,98,118,119,549,1085,1940,4424
869,87,116,370,457,721
870,10,21,134,356,1506,6402
871,190,349,462,672
872,57,58,66,149,206,261,462,1528,2050
873,486,613,774,935,1407
874,494,953,984,1558,1813,3470,4233,15899
875,40,41,488,6852,7087
876,57,109,175,196,243,261,287,455,643,723,746
877,43,92,134,196,261,349,432,774,866,1552
878,22,43,58,228,425,758,874,986,1475
879,52,87,189,706,3826
880,134,397,406,706,1219,2264
881,123,3924,9362
882,21,32,39,431,432,488,510,517,3146
883,8,348,924,1717,1718,5299
884,10,43,74,95,196,229,367,436,1386,1508,2934,2935
885,21,89,123,2177
886,21,23,76,79,5150
887,49,89,275,602,620,912
888,86,87,109,241,455,459
889,18,76,203,262,878,1251
890,21,60,261,262,458,785,1593,2667,14618
891,10,49,105,167,206,462,1781
892,167,195,197,460,482,827,1594
893,21,47,157,167,482,855,937,1064,1355
894,235,241,5378,11795
895,50,75,196,267,318,824,835,850,1159,1471,3435
896,4,43,76,109,134,206,706,1087
897,21,23,425,883,3451,6390
898,610,1058,1059,2142
899,10,36,43,64,76,100,196,397,1085,1483,2477,4428,5628
900,10,21,23,76,87,134,196,283,443,448,683,1255,2291
901,123,392,393,518,796,1132,1713,5745
902,24,89,9206
903,20,189,236,269,872,3000
904,76,89,101,113,203,774,1552,2800
905,20,43,76,195,482,500,712,6272
906,17,20,21,43,64,100,132,134,196,200,275,296,303,306,328,2945,4015,4926
907,10,18,21,123,228,327,719,731,3552
908,247,624,1070,2789
909,10,50,116,597,921,3046,4187
910,37,539,646,764,874,7151
911,8,21,244,328,418,505,1234,1266,5283,6639
912,13,21,386,3476,4172
913,1,21,651,672,689,731,763,774,1459
914,18,22,67,189,282,349,397
915,8,21,92,396,738,2580,4803
916,21,332,1266,2106,2160,2595,5283,6639
917,956,959,971,1133
918,14,76,196,203,8724
919,109,148,261,348,2738
920,21,132,236,330,614
921,202,991,7329
922,17,36,74,98,109,1333,2649
923,295,627,1343,2876,3111
924,10,20,87,238,330,443,458,728
925,10,54,87,109,145,240,248,330,342,555,958,1504,1505,2599,2721,3484
926,13,109,539,562,3062
927,20,21,44,190,394,495,1085,1745
928,87,145,241,1986,2071,5305
929,195,728,827,1692,4515
930,387,584,887,3963,15002
931,6,49,99,105,236,348,630,1010,3112
932,21,39,236,244,389,695,851,4175
933,533,1254,7454,8235,11809
934,10,21,244,325,455,613,695,2273,3306,4244,5297,8134,13336
935,10,17,43,76,98,116,134,144,175,229,285,328,832,4824,5867,6119
936,21,965,1002,1176
937,4,18,43,134,243,257,425,2185,3599
938,10,22,103,236,257,367,469,494
939,21,447,500,624,764,1125,5552
940,104,109,236,405,779
941,17,47,79,83
942,436,460,678,1241,2375,4647,9689
943,89,295,610,1245,1386
944,89,297,955,2064,11055,11056
945,21,22,23,43,57,58,72,116,127,132,190,196
946,20,21,236,820
947,87,418,557
948,21,98,116,490
949,113,195,197,425,1056
950,18,20,23,566,637,2309
951,145,187,418,878,1393
952,2,20,29,63,81,202,236,290,458,595,655,953,997,1234,2374,2510
953,49,89,109,113,123,367
954,5,20,21,37,69,81,87,98,240,241,363,704
955,1,58,494
956,10,20,43,45,58,385,1513,1650,2186,4821
957,20,47,74,76,98,141,206,236,342,388,602,1069,1528,17342
958,87,2374,7131
959,286,558,3042,3142,3459,3845,6260,9082,11592,11593
960,18,23,76,243,443,460,612,1115,2216
961,2,10,726,768,1497,2722,3952,4734,13983,18049
962,436,588,741,1061,1386,1458,9710
963,21,36,197,385,398,3391
964,262,1527,1695,9191,21478
965,23,92,256,349,367,537,639,5555
966,10,101,175,191,244,455,1151,1180,1428
967,20,229,275,318,874,2039,4667
968,37,123,134,308,545,2814
969,10,21,22,57,228,349,455,604,695,838,850,1057,7950,11569
970,21,231,235,562,3392
971,78,1940,7617
972,10,43,113,195,257,2168
973,87,248,890,1332,2683,2945,14814
974,14,82,195,336,466,678,1071,2939
975,58,148,774,866
976,602,855,1306
977,10,74,96,934,1180,1251,1318,1504,3037,3799,4260,17525
978,36,123,460,1455
979,1,49,52,189,706,5191
980,21,22,123,240,384,557,637,1940
981,7,19,87,228,998
982,22,36,64,318,493,542,1200,1619,1688
983,10,74,123,187,675,999,1376,2224,2947
984,21,109,273,319,458,1005
985,45,87,158,390,537,1661,2080
986,44,134,196,367,436,1036,1115,1117,2216,5115
987,236,262,549,550,602,1006
988,10,21,36,43,145,209,613,620,655,700,913,1417,4515,10621
989,2,10,19,1612,2619,7176
990,49,134,490,984,1179
991,14,21,82,103,117,134,206,385
992,87,123,134,140,145,351,367,384,554,1035,5330
993,21,281,613,672
994,36,87,158,323,747,881,1742
995,230,1567,1940,1959,3978
996,17,19,76,81,82,609,1546
997,10,18,21,230,261,344,500,572,637,965
998,10,74,76,98,196,197,203,300,312,542,741,2986,13697
999,21,89,458,610,4800
1000,87,241,3277
