1,3,42,74,415,2835,5108,5950,7689,16939,30985,45478,318983
2,10,59,175,189,359,904,1483,1613,1775,4132,8840,15074,18189,31105,168130,238071
3,3,6,105,115,415,625,844,3262,6743,7133,30084,47944,334641
4,1,4,7,28,57,84,277,386,1132,1285,2045,2302,4668,4700,6394,9570,34065,411889
5,205,521,28760,125350,238096
6,4,5,6,1242,2337,4351,5877,8073,23795,56892
7,2,12,16,39,227,254,875,1631,4015,4351,7163,20720,39867,113495,144083
8,1,4,36,47,65,84,203,520,746,922,38533,60789
9,1,2,4,6,7,14,34,144,485,1005,1785,2724,3783,15176,18019,41858,183424
10,5,6,22,300,307,2099,4515,5323,24239,27838,107022,108215,187511,363601,363606
11,2,22,28,32,110,199,373,479,624,636,936,1207,1645,2035,9762
12,14,38,46,123,471,2200,4569,12502,20490,357097
13,3,4,10,57,159,223,634,832,984,1174,1815,1872,2788,17899,41402,89111
14,17,59,150,283,361,1066,3449,11185,21407
15,1,14,20,21,29,70,120,260,404,801,1461,2400,18663
16,1,3,4,36,47,127,183,283,327,563,3262,29559
17,3,5,14,23,91,166,188,505,1201,1237,1831,3934,5476,13614,17946,24898
18,1,6,9,15,489,10724,30665,37525,94233
19,14,23,44,64,175,198,536,558,1122,2611,8142,8575
20,2,12,15,19,101,254,281,636,1083,1636,2317,8535
21,1,3,4,5,6,12,24,238,425,494,649,1787,3106,4043,5397,9860,10264,16364,24674,26214,27488
22,2,5,114,136,190,217,2289,2683,5452,5698,16119,23148,31066,45099,50672,132397
23,3,12,192,487,969,1283,10568,10617,29690,177841
24,58,79,189,1003,2291,3816,4362,6331,6497,7119,9939
25,3,5,10,63,130,408,692,830,1228,1393,1937,5483
26,1,2,3,6,26,42,627,743,792,969,2694,2860,4257,4294,9592,34239,44438
27,9,17,87,270,422,580,988,1233,2569,10732,17501,22741,34185,40940,76497
28,37,43,89,161,476,5332,7482,7574,11477,24321,65576
29,1,12,23,44,100,405,1899,4159,6275,8439,10190,47046,90270
30,5,34,2435,57284,85580,111769,202676,326853,326856
31,1,6,7,14,23,26,87,102,111,1192,1770,3146,7782,11525,37449,39225,66979
32,5,11,623,1730,5272,6871,11980,15485,45203,52340,98053,99028,338364
33,2,4,80,238,1355,1866,2586,3347,5612,9678,14774,33396,165291
34,4,59,67,68,171,202,434,774,1193,1691,3073,4635,6148,20217,31973,430749
35,1,7,48,248,308,388,1352,1474,1844,1868,2470,4332,5119,9420,14578
36,1,5,6,10,31,32,148,262,1121,1569,2487,4518,9469,10141,14338,23521,28689
37,44,64,68,414,866,1319,1631,7964,21546
38,3,4,9,26,30,136,143,668,1413,1416,1483,1759,2126,3835,17768,29166,39543,78508,111852
39,20,75,116,142,176,177,399,496,1273,21396,21397,75684
40,3,5,11,44,93,134,570,815,857,1339,1538,1562,2188,2923,3899,4501,6437,14111,36738,36739,37230,74736,131972
41,2,10,15,22,28,481,672,706,881,890,905,1203,1508,2260,3476,8803,35506,44775
42,2,7,662,1065,4480,7673,9652,23038,57265,82206,223436,489658,489659
43,6,10,12,24,102,107,327,783,1053,5311,13310,31537,31745
44,3,4,5,24,38,324,366,637,2967,3874,5588,7885,10383,36500,177330,317398
45,1,7,9,14,18,53,106,152,799,1378,1596,1642,1985,2127,7706,9793,16750,28304,37652,45702
46,1,36,57,147,561,893,1401,3948,7270,92933
47,9,21,36,71,80,113,179,333,590,763,865,1868,3628,6943,14932,33607,39863,129614
48,5,20,65,166,504,887,1284,1411,4263,15750,34909,38607
49,1,1227,1444,2449,7658,11671,441248
50,32,70,17677,42751,64730
51,1481,3199,7980,120601
52,22,29,141,353,765,1968,3030,5134,10446,11671,43915,52560,57777
53,1,65,79,247,372,736,784,2321,2385,15525
54,4,24,33,54,87,116,223,287,422,535,701,1248,3041,3088,5046,5398,6624,28903
55,5,89,654,1329,39113,55868,66726,82761,113421,114744,170375,218192
56,4,28,67,102,563,852,2823,8910,17893,38356,424580
57,3,5,1789,3646,9485,10597,11057,14652,23267,55303
58,1,3,10,14,47,64,140,214,294,326,1498,2611,7153,10676,71448
59,2,4,20,23,33,37,78,171,341,456,517,838,1840,18443,57793,65563,65999
60,2,4,8,50,309,437,1983,2404,3589,4854,252723
61,2,6,12,154,190,1427,2464,3737,8741,11376,56435,421429
62,1,4,19,468,938,4337,5811,9282,9850,10190,14743,17811,45509
63,4,5,7,28,87,106,110,194,241,255,303,572,9281,13989
64,1,38,148,205,234,672,1099,2504,18015,42458,100140
65,2,10,15,65,69,75,223,229,331,779,1436,5188,7860,12376,53750,59674,184412
66,1,3,7,11,18,44,56,78,101,128,217,274,296,438,995,1488,1636,1939,3599,6160,9408,16839,19197,21101,39967,156401
67,45,85,135,1137,1176,15669,18232,26592,30192,32786,33693
68,3,5,47,82,93,345,462,544,565,1013,1106,1140,1542,2667,13004,15560,55851
69,2,38,69,88,133,198,434,479,1723,1786,5996,28659,84986,90287,401920
70,4,5,7,21,1060,1219,2808,12760,20500,24624,48181,51483,76428,218329,383429
71,1,5,25,36,379,3019,6902,7215,7928,15088,161775,161780
72,8,50,108,153,190,255,437,1216,3017,9274,57593,239741
73,3,5,7,43,288,343,371,525,702,1048,1355,2024,3391,17897,36742
74,1,3,7,42,78,89,993,1545,2358,2634,3534,5573,10828,14857,17369,100917,218346
75,20,87,106,109,1548,4138,8515,10604,14662,30775,135209,426438
76,5,58,97,141,321,764,1086,1090,3226,7749,18199
77,7,8,16,25,49,96,110,154,360,538,973,3037,3764,5090,5451,14407,24482,272842
78,4,14,16,30,54,135,269,299,522,857,26321,31243,37824,128539
79,368,2093,5347,6017,45605,149492
80,2,9,16,24,73,185,198,209,501,536,848,1212,2353,2692,10498,19564,56167,82441,97314,398478,398479
81,6,9,1291,1833,2445,12453,32936,58958,82317,98381,232545
82,25,301,575,2037,10451,31268,95855
83,5,6,67,230,676,842,1570,34682,38864,46799,69476,136198
84,5,16,32,61,1498,5673,304780,304781
85,1,3,47,54,63,215,221,496,497,521,781,943,1766,14749,32413,181732,191146,213755,213756,213761,366144
86,2,19,22,34,39,65,73,102,123,157,455,527,649,863,912,3667,4449,4718,4963,5158,5323,6643,15631,21320,28053,38375,43926,45054
87,6,31,575,1322,1847,37994,152931
88,1,72,114,177,383,1331,1484,2650,11254,17148,38321,64848,69127,82681,129448,206344
89,15,16,102,1114,4123,7927,84444,417907
90,2,4,47,318,520,717,729,6305,9769,13586,14587,24308
91,1,2,6,7,31,42,66,149,682,937,2248,3463,4447,10057,35338
92,2,4,60,580,790,944,1110,1173,1471,3143,6628,9104,41092,82337
93,26,29,49,64,91,192,467,666,948,2580,2781,3783,4645,13419,16300,40140,60174,82793,107975
94,11,62,173,256,339,3346,6350,6379,11114,11610,19651,34853,45151
95,1,2,7,21,23,25,36,40,56,68,229,271,912,2486,2607,2992,13563,19215,21820,32523,37306,54796,129019
96,4,10,19,714,1027,2117,2187,2291,3074,57476,123134,225774
97,1,2,4,63,111,122,246,589,4938,8828,10000,18240,74956
98,3,5,19,335,546,1424,4157,4242,23991,35031,62688,205607,336901
99,23,32,58,91,152,1256,10873,23171,40971,50038
100,2,97,119,683,685,1409,2714,5322,5635,10715,493320
101,1,7,36,67,209,544,583,1674,1708,153270
102,3,5,85,195,211,478,713,782,3452,3809,6532,11661,47455,80921,225523
103,1,6,9,36,79,493,865,1487,1703,1752,17218,34338,57225,153142
104,3,11,396,1117,1482,2186,2929,7228,17421,19533
105,1,2,4,5,383,525,604,695,743,1881,2744,3044,37830
106,4,9,11,44,52,84,88,95,295,325,328,527,1442,1640,1709,5357,10228,24919,45142,134554
107,46,1863,4304,12207,14418,18501,19084,44285,282237
108,56,1275,1379,1794,2103,8982,11460,12705,41580,44078
109,572,2819,284551
110,2,15,18,51,61,153,202,661,3191,14829
111,3,9,15,52,219,928,3349,4147,8095,8707,17972,54299,54300,79411
112,38,298,702,1379,1781,8248,12606,12718,16460,21483
113,1,4,5,7,20,71,183,484,737,1056,1516,2715,3033,3175,6149,6686,103414
114,6,35,519,600,1031,3035,4407,6964,7387,11400,17286,24347,30556,52809,71666
115,227,528,810,1192,1846,5181,7511,14850,16232,18561,34629
116,1,3,4,6,11,21,47,80,84,104,108,111,132,235,394,442,677,2082,2338,3454,4375,6635,8824,24522
117,2,6,11,15,144,185,196,452,469,556,880,2992,3240,5804,7402,16280,55228,58836,103036
118,1,10,130,170,272,2506,3366,5577,6057,13172,21747,23428
119,1,20,62,128,153,2290,15728
120,2,188,233,292,2944,10391,10794,21344,77899
121,8,13,28,32,86,521,1391,2828,2881,3903,6803,7736,151997
122,3,334,487,823,887,1089,2919,27844,30285,75783
123,2,4,14,60,99,171,319,430,1560,1915,2049,5285,10187,25725,28217
124,2,894,3206,3861,9257,13930,17388,27907,31878,46540,81883
125,1,3,4,5,35,388,569,1633,2221,2624,4175,5709,6021,10502
126,2,4,8,41,55,151,235,269,489,691,1149,2329,3243,3313,8914,46676,51269,80861
127,6,17,54,74,343,782,1071,12175,15257,15543,15544
128,1,2,4,6,136,525,1077,3608,4218,6024,33788
129,1,2,8,45,188,213,471,1408,4162,4631,9818
130,1,2,3,65,75,85,421,449,3286,3738,3787,4632,6704,14493,147202,391367
131,1,2,4,22,51,71,84,147,186,215,399,1038,3394,8672
132,1,48,138,170,232,319,441,635,25927,95409,145994
133,8,10,17,37,50,83,89,163,190,334,424,691,1125,1145,1233,1548,1564,1565,2097,2324,2892,2947,9370,10392,13491,30065,39845,58414,79646,98745,154511
134,1,22,48,70,99,170,208,242,627,1422,1503,2074,2224,2873,2940,3089,3799,4693
135,86,90,349,1127,56599
136,3,33,105,204,220,455,478,1391,21334
137,2,12,27,68,169,420,601,651,664,776,4165,8358,60301,73690
138,1,7,26,32,48,64,236,271,733,4836,6490,15664,55723,184066
139,11,16,60,1557,2120,2261,3618,4494,12360,15183,16404,23871,40248,49099
140,1,5,8,13,293,353,362,435,862,3068,4719,12210
141,5,6,13,62,89,104,205,541,691,823,1115,1510,2593,4161,8912,11737,215379
142,5,7,35,238,537,609,1230,1410,2082,2194,2899,3775,5051,13123,15332,39211,46427,46657,69830,336936
143,1,4,10,43,57,183,481,1027,1198,1478,1511,1553,1671,2357,4218,6686,8536,20454
144,3,11,40,44,68,112,202,384,510,1049,1925,2034,2070,3346,10810,11672,70876
145,1908,45265,77046,187439,281350
146,2,3,7,9,51,88,244,286,328,855,1898,2063,5145,9333,40945,44437
147,5,62,78,172,288,5545,23501,24465,367811
148,15,52,211,294,316,1865,4522,10844,16247,129445,202409
149,7,107,241,496,1294,3014,3254,76003
150,1,4,6,26,31,575,2305,6611,27615,46781,308820
151,4,10,72,96,118,129,225,427,603,857,2757,15589,21686,133851
152,7,15,18,24,46,105,109,172,201,243,1665,2135,7825,9129,34298,39359
153,4,18,22,28,110,149,181,349,680,1248,1381,1905,15841,217821,381489
154,1,4,6,11,23,37,42,44,62,315,341,480,1579,3020,4730,153866
155,1,4,5,79,678,1491,1622,3223,3792,12464,22330
156,1,4,6,7,12,22,48,50,73,137,154,310,391,1787,3363,6517,8267,12558,35188,78573,102197,110665,238566,303901,303903,303904
157,1,7,699,834,868,1880,4318,4660,17073,18219,25678,32672,41169,41172,86309,86336,144854,144865
158,5,32,58,135,1197,24241,32500,328124
159,1,63,74,97,494,733,2501,4793,6677,25537,50990
160,1,8,37,56,76,97,296,323,2534,3920,6432,7446,17987,25520,26327,31357,33198,65808,107497
161,4,10,19,24,29,39,92,1089,1561,1947,2223,2827,2907,3296,5444,11174,83183,131876
162,2,9,26,263,1977,2447,4353,12377,15205
163,1,7,24,260,623,1487,2169,3974,11494,14067
164,9,17,405,2365,2634,3414,4621,8481,10197,80096,108372,148659,148669
165,1,2,3,4,18,22,42,59,73,122,176,181,830,934,1445,2181,12004,14282,18130,26141,327086
166,2,84,115,433,806,954,7314,142241
167,161,808,1687,2716,6306,8169,14367,34028,176190
168,9,14,27,109,310,1348,1580,13090,14110,15570,24243,118214,273852,273853
169,3,13,14,118,282,1131,1174,3074,5083,12948,54186,413267
170,3,5,36,76,121,196,225,420,601,791,2166,3431,5420,9776,11165,16296
171,1,3,19,22,275,303,330,416,428,460,2211,2286,2462,16926,69039,234535,472117
172,1,17,24,30,92,288,306,1498,3271,3575,4691,5002,7238,17513,21547,22268,23786,24750,102775
173,1,6,31,65,236,1857,2129,66636,154055,315842
174,2,4,7,22,28,55,75,100,401,474,12792,17455
175,1,2,4,97,577,592,743,889,2233,3757,5864,14234,20138,22425,26032,266893
176,6,24,31,80,2949,3582,10918,12172,40023
177,2,15,51,69,135,477,2385,155434
178,86,90,1392,60691
179,3,4,9,76,673,743,1142,1171,1194,2024,2259,5678,6463,8850,13595,20307,30027
180,2,3,28,67,129,165,198,362,1037,1631,1934,19000
181,1,6,180,232,489,2269,3681,3746,14109,20200,48695
182,2,7,16,33,55,148,312,550,1303,2346,4834,6046,9850,10223,12492,12876,16263,167510
183,2,3,26,65,197,265,466,550,799,1013,1111,1159,2237,2314,4408,9058,24975,30138
184,1,8,21,27,40,278,422,457,465,933,1142,1347,13629,21610,22299,43697
185,4,5,17,52,177,197,477,544,582,784,909,1032,1199,1209,1459,2146,4685,8708,11076,12293,30757,33880,222949
186,37,174,297,1003,1224,10501,20650,21662,30115,111379,412624,412625
187,5,6,7,25,154,738,4091,11322,54312,73830,468936,468937
188,27,152,687,969,1256,3370,7221,9597,14938,26012
189,25,80,113,121,602,1930,2354,2421,4035,40030,177739,335084
190,1,7,12,34,42,43,46,60,277,1351,2942,4250,5574,5714,5942,6850,8934,11923,12178,13618,54535,156324,162130,206334
191,3,4,11,108,2740,3342,42950,71710,93195,93218,277877,277878
192,7,17,28,900,1130,1299,1417,4345,9904,23113,31980,81271,319089
193,1,7,8,16,22,43,133,919,3199,4008,5264,82701
194,1,2,4,16,18,39,270,455,988,2630,3499,4019,6217,7426,15059,39729,79503,95915
195,1,3,231,651,7056,7134,7202,7525,15235,34491
196,3,64,119,138,208,238,546,1009,1047,1580,1714,1922,4012,5869,7940,65889,164222,405742
197,17,82,236,361,407,531,544,16503,34604,37120,44300,436854
198,1,9,15,20,45,50,52,62,437,481,488,1058,1591,2310,4996,5536,8706,10640,27433,28357,49783
199,1,3,4,16,20,21,49,188,232,268,303,367,1073,1822,6015,23262,24709,26569
200,1,3,8,15,36,41,83,137,147,627,929,1195,1414,1493,5275,7823,10913,11238,23561,67844,74586
201,4,5,40,44,100,470,598,752,1430,1615,2611,7103,10014,164533,235638
202,2,96,125,685,1446,1832,3445,4108,11932,36689,37682,237859
203,17,35,55,107,133,280,917,1876,5352,6467,13389,16653,17133,62316
204,3,197,267,394,449,493,1235,1696,1948,1984,2811,54064
205,1,2,5,6,33,36,67,289,764,1043,1361,1915,2082,2182,2335,6558,7976,15351,290138
206,2,3,23,50,84,439,532,542,911,4740,13606,19600,48753,63936
207,2,7,11,14,21,24,25,36,44,72,88,94,124,148,255,715,799,2400,5863,39975,169217,171234
208,205,825,12625
209,4,10,21,42,103,816,2274,2462,3267,11459,19731,20476,40990,60082
210,2,18,23,39,97,691,882,1997,8756,10028,12153,15659
211,1,14,36,63,66,85,139,186,275,298,563,846,1039,6495,7137,8960,15442,15545,27495,59709
212,4,57,77,383,552,615,779,2350,2478,3119,3826,5754,17415,19397,20920,34501,57659,60666,81552,130072,221443,221448
213,3,5,7,11,346,772,12656,13364,13531,85127,109083,109086
214,1,24,25,30,170,298,2348,4565,8246,21025,35245
215,4,11,14,24,64,165,246,870,1479,1776,9456,11858,13711,30033,74159
216,2,4,6,51,273,286,1911,4877,5439,17620,24762,43792
217,1,2,4,7,98,253,655,2131,2253,4701,5949,8598,18215,32435,148495,482922
218,37,131,174,297,722,793,2210,2665,21569,27515,38984,50216,77233,138085,323120
219,2,166,262,1509,5245,25150,30619,35646,44441,112728
220,26,32,35,2076,2700,5551,7430,7489,13399,27608
221,5,7,18,28,41,42,85,260,318,364,744,1700,1834,5545,7575,7743,32230,73910,77090,88549
222,28,43,146,161,432,789,808,1003,1504,2211,2740,3553,11176,27127,30641,54747,137838,473184
223,12,37,83,86,90,461,7076
224,1,2,4,6,39,46,1789,4581,5531,9375,11537,13873,46390,94363,326818
225,2,4,21,132,153,255,1188,2861,4227,10096,23219,23512,23643
226,1,8,30,35,242,1133,3921,5760,7265,24116,76687,138488
227,364,417,3854,4423
228,1,4,9,26,33,43,54,518,680,1065,1760,2024,7572,9690,10561,15013,22611,39291,39987,51974,80096,161783,161896
229,2,7,177,285,321,660,872,1825,2397,5683,17978,124168,164286
230,60,177,225,683,5081,11194,50347,113779,359713,359714,359716
231,6,17,56,295,308,856,909,964,1022,2977,6926,11654,60027,63860
232,1,14,65,73,189,275,574,1028,1751,3147,8947,19410,105819
233,2,741,2676,2780,3791,4086,44341
234,2,5,36,40,245,1160,1399,1590,2202,3004,3194,10291,14814,42412,167829
235,165,741,757,1556,2616,4382,4919,8628,61502,82485,168989
236,5,7,11,61,66,107,124,155,211,413,2208,3190,3702,11454,12308,60062,133048
237,3,7,91,198,225,914,1644,10395,11642,16228,16441,27811,58640,62647
238,6,9,11,26,33,34,201,302,476,723,824,825,1629,2043,5457,5932,8016,103819
239,15,24,39,116,173,355,2390,11620,388387
240,1,38,63,4929,6207,7825,8122,10208,12193,73640
241,1,9,93,1155,2524,4887,4890,6541,9132,9306,13312,37917,74548
242,2,3,4,40,47,585,724,2159,3016,3212,4266,5098
243,2,4,28,74,76,113,233,762,883,4438,8710,74535,80786,194496
244,15,48,146,161,230,341,545,1030,1434,6151,6748,10438,73572,219059,386661,516181
245,2,7,28,118,148,619,657,690,925,5806
246,1,13,245,666,18793,53343
247,5,24,83,89,211,565,694,3038,9248,10192,14786,139929,428946
248,1,2,3,12,16,23,96,97,123,281,321,637,889,1315,1388,1409,1968,2024,3333,4216,5107,17490,17676,18463,29464,100868
249,1,4,122,162,2248,4857,6324,7940,8148,21357,26809,32579,46607,46733
250,17,23,71,175,434,909,997,4443,7778,21274,49309,398517
251,8,15,101,226,324,522,1541,27593,390529
252,1,4,6,14,49,138,154,338,662,1265,1433,1576,2105,3245,5854,6940,21932
253,3,5,29,73,131,137,160,244,651,1156,6359,6699,12606
254,12,44,142,407,841,1569,9507,30450,69895
255,4,9,24,60,444,1670,1853,2251,3003,3677,4890,20900,47223,48084,55709,58924
256,2,4,8,30,42,47,53,74,614,2825,2856,3387,6451,6518,79821
257,2,5,24,304,580,743,1980,2025,2491,5963,5972,6067,8684,13755,60712
258,1,10,119,311,658,726,973,2829,6863,14134,15288,34842,59305,132141
259,2,3,10,15,20,75,98,128,152,393,6873,8152,10735,15087,69256
260,1,2,12,72,114,336,468,519,868,4899,5507,12102,12991,15097,17651,17812,21884,183678
261,9,26,32,84,210,428,1414,1500,1917,5043,5786,10895,16523,97751,114335,372271
262,6,11,12,74,182,2268,4793,9807,23379,320903
263,12,113,121,398,471,966,1741,3527,4668,5244,9502,11513,12050,12277,12284,146123
264,1,2,7,16,59,93,251,363,1576,19957,53100,94243,104946
265,5,7,63,293,418,606,1065,1896,2124,5073,8789,17336,340806
266,7,17,28,67,75,110,715,851,1303,1343,2535,4117,5284,8075,20139,28939,115585,235061,235071,477039
267,16,19,21,29,35,132,238,1410,1499,3324,3906,4882,8499,8833,19986,22044,52267,203086
268,2,79,248,1603,3865,4406,6666,7326,7409,25571,32791
269,2,261,815,918,1489,1731,1885,2755,3920,4337,10359,11703,20026,70028
270,2,4,84,924,1153,1444,10436,18680,36437,60861,193420
271,2,3,4,76,106,118,135,1279,1512,1931,2374,3332,3849,5087,23377,34651
272,2,6,10,11,41,56,77,121,246,265,410,468,2145,2351,2882,3343,4908,5378,11225,17550,18082,40191,57675,60970,114367,125278
273,1,3,6,9,12,15,35,144,577,793,895,2048,2448,3060,8647,15905,17768,18316,19480,23555,26997,49574,82857,98551,110399,111050,312591,312594
274,1,591,3590,4429,16021,34663
275,2,4,238,367,525,580,946,1833,24102,24753,43797,408276
276,52,315,727,1474,2265,8817,22002,55270
277,2,5,6,7,43,663,1053,4640,7480,8261,8477,21804,22171
278,5,177,217,347,500,740,168034,217818
279,2,3,5,6,10,11,13,42,67,92,127,434,458,638,1860,2231,2414,17445,32189,230380,440732
280,1,3,15,23,58,290,441,623,700,1426,2220,2678,3907,18344,35487,48180,50512,73648,78971,186311
281,17,25,188,200,587,1315,2506,3018,6904,10572,24575
282,3,4,8,12,14,24,26,35,41,60,66,136,577,789,1784,2030,2081,3093,8725,12449,13182,18122,32243,39133,122415,128105,312339
283,2,6,10,14,43,144,179,1494,2799,3570,18026,56173,142763
284,5,25,31,436,447,1090,1412,9062,15785,53910,147303
285,4,175,286,709,972,1911,3324,3455,8391
286,11,35,108,247,2874,5972,6403,9701,11732,11830,11916,18519,26091,56503
287,1255,2390,3566,11926,79001,79002
288,3,4,13,120,170,222,337,512,571,863,1532,1656,2798,4050,4665,4743,4863,25436,29295,52714,59771,355519
289,2,23,191,274,375,564,1250,5386,6856,8863,10206,37751
290,1,6,7,18,19,21,48,1366,1672,1982,2225,2451,4184,9713,11234,15471,17733,21868,45998,49392,324889
291,5,9,52,67,140,299,391,1977,20184,56025,485158
292,5,40,1604,10334,11669,17802
293,922,32644,55000,105727,179197
294,1,3,12,113,121,150,398,810,1073,1129,1994,2362,3657,7089,12050,12277,12284,14850,17399,18759
295,2,3,10,68,94,166,202,1319,1387,1550,6354,9696,17884,66679
296,1,6,7,16,29,38,102,1074,1081,1105,1615,2426,3631,3915,4843,7630,14173,15000,20347,35856,38625,65735,145164
297,5,9,72,73,218,230,259,380,1141,2404,7384,7586,10865,30526,35668,67230
298,2,17,20,32,39,243,262,401,1340,2769,3104,3109,4075,69649,324050,324051
299,1,12,13,23,45,228,1433,2116,3669,47742
300,1,3,247,13389,18051,18305,23641,23972,70978
301,4,12,19,48,91,289,439,1105,8072,16560,20740,24162,32960
302,1,3,10,49,66,168,310,573,1786,3390,4096,5192,5446,16210,17253,28359,74414,78696
303,9,15,61,129,235,1131,6831,12303,60836,101070,115242
304,1,2,15,33,55,756,806,871,1060,1223,3937,6563,11221,71096,483195
305,1,2,55,111,122,283,644,1686,1940,4291,12414,139211
306,3,5,134,150,325,849,2682,3373,3654,4312,5066,5214,5215,56925,60434,64970
307,20,22,29,30,32,47,59,77,85,158,596,655,705,749,754,1236,1341,43454,62646,192073
308,3,10,493,5934,6761,7513,9767,16302,99234,130260,205028,205029
309,13,45,510,45251,238867
310,2,3,7,28,82,237,441,715,845,1030,1102,1114,1331,1505,1850,2629,6945,11821,17191,37209,100644
311,1,27,238,390,7880,10261,14755,26714,37036,53720,73319,95660
312,12,37,58,429,1463,7899,8087,19133,142979,258896,258897,258898
313,4,48,91,128,617,783,3954,6879,9674,34209,45457,74575,215706
314,4,9,41,52,59,62,201,301,1098,1414,8831,26085,80147,96892
315,13,34,66,123,158,186,369,818,1689,3373,4963,5081,12915,435418
316,5,12,30,34,55,94,680,1261,3180,4138,9591,10468,14671,20672,22126,80384
317,4,7,9,32,54,143,2939,4710,6889,41149,145889
318,84,521,815,1123,1144,1186,1777,2404,3178,29911,33822,42894,64532,65548,130866
319,2,17,180,330,911,937,1094,2602,3054,18085
320,2,12,16,32,39,171,185,313,446,708,1563,1581,1611,12630,18047,18681,19461,70754
321,3,17,31,272,555,728,1846,4527,8804,9376,156269,408722
322,2,3,40,76,80,112,169,180,250,296,407,486,823,1526,1743,3514,4212,5751,19841,20179,20493
323,1,14,21,103,509,620,3126,5626,6766,11781,19670,22297,26706,80048,96767
324,141,148,7212,10569,11892,14552,25211,39172,207398
325,1,5,84,156,196,450,590,3315,9017,9119,10514,65001
326,1,10,70,85,216,381,656,1061,1235,1681,5042,10295,12094,13424
327,11,424,2003,3547,22418,42041,66326,113884,219952
328,5,6,78,165,1993,2366,6957,7747,9994,153940
329,2,4,39,87,199,517,935,1333,1546,1834,4530,8762,27607,36064,49694,138377,168635,450006
330,1,6,7,11,22,46,1036,1979,4168,27596,320919,320922
331,6,11,40,47,865,3900,7961,8415,20317,26455,37982,69109,109857
332,3,25,38,39,62,104,173,311,1264,5092,5310,14679,30701,59472,59473,67525
333,28,36,39,41,145,8235,10411,41913,67344,124660
334,1,18,25,123,304,3405,3564,3764,4084,11893,21387,23492,41688,67928,123218
335,2,15,20,47,420,484,601,1509,1790,2479,2968,9139,25827,28215,28784,101208,225385,418659
336,2,7,84,223,370,523,595,719,1566,2156,2734,3994,4745,6294,48137,138936
337,205,1637,463264,463265
338,1,2,24,26,51,69,122,147,993,2758,3778,9816,51271,86902,293348
339,2,3,6,8,23,25,29,57,68,69,73,115,591,849,1306,2358,4200,5534,16698,26029,27891,34708
340,8,11,28,44,56,103,128,1271,2820,2839,10016,24580,93541,93544
341,3,407,2027,2805,3794,4556,5652,6197,20783
342,1,4,17,36,134,196,1720,3394,3600,3640,12169,14945,22030,35205,44675,62313,90242
343,2,19,251,444,877,945,1217,1726,2961,3625,4387,4620,23869,109359,157613
344,27,36,39,157,440,731,23604,55295,69330
345,1,5,7,10,120,243,572,626,2669,2866,3444,4518,6943,13283,93801
346,4,52,607,650,946,2285,28060,39928,41452,150644
347,2,10,39,62,201,408,412,454,994,1694,3767
348,2,4,5,28,41,106,145,153,581,1066,1266,1600,2327,4336,6206,12561,45048,239896
349,2,3,4,11,12,51,81,142,407,636,1172,1946,3386,5667,9291,13213,14710,29240,29757,30064,188096
350,1,2,3,6,7,12,14,18,27,32,46,203,1135,1308,2426,2664,5265,6526,10826,23566,91393,117118,270183
351,10,14,58,133,177,236,588,8241,397586
352,1,3,6,32,155,347,1189,1363,4754,12022,14555,15206,46563
353,10,11,85,206,291,329,657,741,3552,29363
354,4,11,12,17,18,24,127,197,688,2064,3039,3517,3891,4384,4968,47448,504539,504540,504547
355,5,65,82,106,119,213,220,316,402,477,582,1389,1438,1640,1703,3234,8003,11739,31148,74386,130209
356,2,3,6,11,12,389,662,914,973,1065,1211,1749,2116,2632,2730,4101,4151,4753,6858,117606,158085,340924
357,1,3,8,38,127,145,168,185,450,471,522,807,1482,1844,3448,4534,4870,9140,10113,13264,36555,54419,115030,502207
358,1,2,6,31,40,112,135,160,187,4714,36244,344240
359,43,50,437,621,5928,6449,21943,31205,61501
360,5,69,213,237,463,671,1458,1652,1985,3237,3998,5120
361,2,12,84,304,758,2224,3390,3914,4159,5493,15229,18795,24464,25016,26259
362,1,3,59,139,182,582,758,1427,3315,24831,30209,52783,96365
363,1,2,3,6,8,10,62,376,783,1253,1335,1468,21491,412227
364,5,15,59,78,98,155,194,235,324,1802,3119,4896,14470,60089,98483,161502
365,12,26,825,3875
366,2,6,18,39,208,279,954,1059,1132,1149,2587,4281,6915,13810,157401,161318,170912,452495
367,3,9,17,60,439,586,639,1253,2964,4883,5917,7997,18229,18230,47009
368,2,25,44,46,134,397,488,1149,1636,1800,2044,3530,3853,4142,4440,169633,226251
369,32,37,162,641,824,825,7094,18873,36792
370,7,11,44,52,54,153,429,477,968,975,1826,1875,2311,2912,24480,55067,103799,169869
371,2,5,16,40,44,75,100,123,207,419,598,752,1569,1994,3880,4271,5939,6064,48004,51338
372,5,12,31,991,1210,1749,2730,4101,4151,4547,158213
373,6,26,62,1545,1607,2512,8230,10790,24926,27468,41099
374,1,3,7,13,19,24,212,310,429,1352,1906,2503,2568,2736,3362,3730,4885,8019,8993,20226,27643,27661,62040,62042
375,5,316,592,1802,2237,3144,3761,5626,13275,28950
376,1,3,6,15,25,81,106,185,500,942,2043,3283,4978,5457,15412,41803,80437
377,5,14,15,27,91,206,474,656,1394,1669,2011,10073,19773,77835,81972
378,2,4,5,14,40,207,262,891,1584,2414,6635,8917,13519,33858,44475,169895,230050,236985,236986,511790
379,1,2,29,30,258,505,1813,2291,2705,3822,3836,7898,9238,9798,10152,35918
380,54,218,786,920,3157,5268,12339,56421,59802,71304,107729,134431,390637
381,11,193,216,450,2389,2548,6938,17776
382,1,2,4,59,525,580,2067,2514,2530,2753,5858,6400,15345,37813
383,2,4,10,66,81,139,181,246,466,467,813,1312,1479,2242,2360,2477,5077,13887,28225,31299,35059,35215,35690,41007,52012,58366,71748,119255,190837,503667
384,16,31,179,365,379,1296,1917,6680
385,3,206,1424,1766,1818,2692,5393,10371,13488,441159
386,1,56,83,121,453,1169,2145,3941,4864,4980,12801,35444,64650,173335
387,2,7,10,21,73,79,107,110,255,263,1220,2566,8786,44774,278874
388,1,2,4,14,36,147,239,399,1173,2611,3126,3394,427029
389,3,4,9,52,275,861,3437,8219,48813,73406
390,2,7,21,25,41,76,103,113,132,240,346,354,360,371,702,777,970,973,1194,2056,2214,2479,2804,2832,4574,12629,14633,37454,43625,52110,58203,61992,238951
391,5,82,110,477,897,1381,2038,2303,2771,6546,6740,8281,24922
392,1,10,14,40,120,184,301,430,596,842,2885,18930,22858,31221,53682,56958,62083
393,17,105,244,552,564,2114,3999,14404,14752
394,5,18,22,41,70,81,201,242,260,318,824,1698,2341,2377,8535,318692
395,17,24,28,197,408,881,1254,1327,1567,1688,3200,3264,4146,6886,9102,16503,19460,21406,27890,33719,56474,150238,168937,483095
396,3,28,261,558,1635,1666,2660,5027,33203
397,1,2,4,21,29,79,84,734,1388,1456,1528,1937,4137,18490,20030,299588
398,3,31,70,79,291,416,492,664,1042,1739,2875,4687,27348,31870
399,2,6,9,210,731,887,1299,1414,1902,4397,4918,5045,5275,14536,34058,101726,101727,440410,440411
400,2,23,45,95,810,821,1873,13955,58547,118699
401,1,6,10,97,348,429,1379,3460,4660,7588,7799,123322
402,7,12,44,48,52,54,116,374,638,845,1333,3360,7548,401768
403,6,8,11,28,62,87,217,313,1253,1660,2230,24239,34046,207192
404,17,134,138,181,254,390,1505,1927,2757,7477,10910,11566,29973,93104,440008
405,1,3,7,35,38,48,114,228,837,895,1015,3736,3835,3837,5643,5948,28555,122297,285471
406,9,17,28,37,38,75,180,229,456,9520,80287,154213,171629,239410,343774,343777
407,3,5,21,66,370,410,425,444,468,1753,2654,9947,34477,34478,48067
408,2,25,41,59,83,409,773,918,1771,11665,12664,44954,46702,65210
409,1,7,13,940,1081,2705,3912,3971,21428,28264,88664,152621,304704,304706,304707
410,2,3,6,8,12,26,115,310,414,450,858,2388,4527,5229,6441,21588,71849
411,43,133,141,218,502,1843,1934,5479,9106,10796
412,2,5,191,551,595,632,1008,1112,1895,2356,4320,5322,5635,9776,16932,19398,23896,387323
413,1,2,6,7,98,170,336,903,1547,2099,3296,74916
414,33,373,475,2685,2999,3952,4988,11854,16435,28930,37113,88994,133014,390962
415,4,14,30,52,58,373,3150,3661,13088,19171,54854,92328,198110
416,40,68,82,112,134,176,202,422,496,541,958,1078,6339,14452,28200
417,2,127,133,314,588,762,848,1146,1238,1930,22204,41584,111525
418,2,4,53,170,204,844,1360,3042,5983,9550,10532,12105
419,3,5,6,9,11,23,165,302,700,1895,2820,3521,4482,16322,36910,46798
420,3,5,10,15,59,61,67,93,134,149,345,626,1047,1269,2245,4313,52819,58954,66904,93148,145627
421,2,4,51,139,483,505,769,2629,12008,13048,19057,49035,85760,97315,99242
422,3,5,189,431,1362,1414,1965,5335,5817,8011,19409,46610,54249,464504
423,7,27,32,57,181,441,774,885,1174,1885,3219,10616,10893,34081,35603
424,1,2,13,22,46,110,128,943,1420,2278,6760,7017,8361,8891,21603,28536,100301,404750,404751
425,1,12,26,63,3875,4168,5685,296262
426,10,16,26,34,123,167,553,698,1099,1836,2669,8956,16299,27233,36147
427,22,41,189,483,629,744,5906,7932,33597,193622
428,8,10,22,27,31,150,826,911,1750,3110,4135,7556,35046
429,1,2,5,6,13,171,551,919,3269,7719,9960,11251,12234,36377,197816
430,2,10,117,1213,4219,5740,6935,14048,23442,24909,34789,38496,388753
431,1,3,272,382,391,618,1542,3465,12883,14350,37857,50638
432,12,14,22,24,32,1503,1684,1845,4036,5856,9506,15812,17297,23403,42357
433,5,12,16,20,33,34,70,100,229,399,442,590,719,1586,11372,15138
434,24,28,44,53,130,540,713,822,3395,3870,5383,13382,27186,225020,225029,225030
435,2,3,5,57,68,150,391,414,759,1317,1658,1673,2015,2806,8453,9698,10911,34649,55343,96815,218665
436,1,2,3,4,465,889,1342,1453,1825,2498,3237,4755,6674,10362,14059
437,3,8,412,1708,4597,13252,20324,104297
438,1,27,43,53,164,327,487,1242,1414,16946,18498,42095,50197,98379,170957,309302
439,2,4,16,26,83,169,378,464,591,1059,2100,6693,30384,37800
440,1,3,13,38,1095,1178,1363,5702,40668,68564
441,65,86,90,531
442,10,149,175,268,2496,7853,21281,63207,105506
443,2,4,7,9,11,44,473,543,587,11010,44587,181725,434049
444,3,10,53,82,324,413,467,480,487,670,1046,1195,1774,2242,2473,3508,8722,9172,23992
445,1,2,3,5,6,13,68,88,104,199,535,595,1212,1228,1270,2695,3045,4847,6001,6672,7697,17832,31829,70006,77785,89698,360792
446,2,5,15,59,75,93,177,222,245,378,384,587,1378,2583,2840,29782,81372
447,161,13171,20835,41812,393707,393712,393713
448,2,123,436,451,586,639,963,1027,9349
449,4,5,9,38,52,78,347,394,500,1509,2102,5909,231807
450,5,7,24,32,74,124,173,195,230,1483,2360,9157,17690,44384,44385,223822
451,2,12,22,27,92,399,932,1071,1136,1564,2023,2488,5936,12739
452,3,4,5,9,12,199,331,554,1088,1564,2114,4929,32103,36405,53134
453,3,8,23,701,842,979,1901,3011,3603,6164,16991,26855,111390,317650
454,3,4,8,9,10,38,40,54,93,133,206,364,1708,2647,7250,13252,45454
455,1,10,16,26,150,1055,1711,1728,2911,5976,20444,24636,25489
456,2,4,5,14,82,125,145,530,720,1017,1788,1825,2055,3266,4407,6348,12753
457,8,9,12,27,37,50,74,184,259,437,461,561,686,1232,2051,12221,31153,405658
458,2,3,6,9,34,38,41,252,299,646,1327,1659,1892,2169,3123,3275,3960,4992,6659,8967,20975,27398,49555
459,3,10,86,135,301,365,441,651,1436,1550,3732,5763,6354,9696,12829,14714,108773,284734
460,2,3,7,23,438,1318,2160,2392,3110,3252,9276,10500,14442,43007,408109,408110,408115,408116
461,58,190,207,329,2017,4998,21666,43826,48201,62796,218726,384957
462,2,3,8,50,83,195,437,648,896,1467,2204,2229,2734,6107,41416,49320
463,1,4,5,6,8,25,154,172,260,349,662,5867,6232,8609,23176,45906
464,5,161,578,1715,3299,15926,17435,26990,35726,41643,76478,415680
465,7,10,28,61,107,1245,3176,14577,16027,51038,146263
466,2,8,30,62,239,247,4154,4701,99473
467,14,64,105,1202,6312,66586
468,10,12,23,28,37,196,206,539,690,890,1733,2128,14897,14961,25507,47448,64348,69721,82943
469,1,4,10,61,179,223,388,459,1648,1873,2384,3094,10937,10938,35591,81054
470,24,86,90,511,33596
471,230,243,379,586,1045,8651,81562,112123
472,35,60,360,392,1306,1508,1889,2578,3774,5779,7850,71907
473,1,4,33,59,92,127,188,434,657,1146,1220,17608,27766
474,3,8,29,88,341,474,522,1111,2567,3831,13360,112243
475,22,925,1244,1503,22563,79384
476,5,60,91,272,746,952,2015,3041,5292,22559,64626
477,1,15,38,47,71,266,826,7350,11743,52777,67059,91424
478,1,6,13,28,34,45,138,536,974,2315,6458,11181,281318
479,17,27,237,638,1101,1175,1239,4985,9969,13108,25037,33471
480,1,3,6,31,48,50,56,61,103,160,205,439,3435,4023,5642,7773,11586,14115
481,2,11,85,96,108,188,1075,1227,1316,3938,6295,6485,10912,16901,48619,167619,228441
482,1,3,5,7,8,21,25,27,62,76,132,173,635,661,1114,1290,2052,2191,10810,11795,17126,21954,22176,34163,405134
483,8,489,491,743,2939,7173,18844,37289
484,1,2,6,11,15,74,108,280,548,1753,2126,2412,8580,19179,70213,94319,113263,133760
485,2,4,44,54,74,218,276,1151,2677,3800,4356,4715,5931,7942,8562,9784,13897,20901,61754,76391,223701,223702
486,2,3,4,5,6,18,23,27,29,34,41,46,165,261,384,541,1070,1532,1734,11703,18020,21404,28459,135720,148196,231170,463950
487,1,6,9,19,21,97,182,280,333,484,715,2190,5834,7423,9548,22794,45047,135998
488,2,6,14,31,51,54,57,115,350,464,846,940,2459,3342,4140,5126,7044,11384,14174,15378,56226
489,70,142,576,1117,1294,2345,2366,3033,3262,3473,5682,6225,15534,46090
490,3,2127,4227,7106,19427
491,1,8,37,50,104,188,244,283,437,461,717,785,2364,3121,7976,8273,26757,81955,224661
492,2,19,39,51,59,116,271,306,499,696,1460,1499,7332,60500,85793
493,3,18,23,35,63,96,142,1985,3034,4077,5340,6714,8241,11652,14287,19621
494,1,17,33,164,194,438,829,1475,3111,4463,13415
495,2,4,51,66,88,134,308,520,845,1331,6714,8155,22607
496,1,7,22,45,147,534,591,7497,49564
497,2,12,19,68,130,156,341,1620,2108,7528,16480,94406
498,1,2,30,34,58,73,93,550,1613,2115,2629,10685,11678,43319,47856,57470
499,2,4,48,59,106,243,370,490,640,7518,9607,19598,61034,75052,464317
500,1,3,11,12,15,62,173,347,717,1357,1669,1694,3738,3844,6021,8004,12038,15890,19611,23791,37657,48436,69275,85821
501,2,15,81,101,184,537,691,796,1418,1882,2177,2492,4882,6259,24101,28761
502,8,30,140,328,622,1169,1728,3403,4392,6127
503,42,43,107,126,1897,2302,3270,4259,44535,70462,208302,345976
504,1,2,4,525,662,1354,26554,104274,248220
505,7,8,13,34,37,43,50,100,211,323,617,682,1884,2505,4195,4739,4807,11206,14171,21956,23139,24061,246359
506,1,3,5,178,245,257,577,1512,3014,3350,5864,6123,7912,13346,13787,13795
507,3,5,20,40,55,81,156,479,621,750,760,813,10921,18703,24032
508,4,5,9,18,20,44,73,84,126,140,142,400,442,636,801,803,970,1248,3003,3859,4348,4704,5791,7683,80393
509,11,44,129,134,283,416,427,460,588,599,1331,8155
510,1,5,6,45,49,176,182,348,580,1113,1138,1901,3715,6305,57791,59172,71571
511,4,9,118,471,486,1156,1717,2478,3578,5657,19934,170074,170075
512,1,13,34,447,482,777,1516,1526,2732,9090,11747,13122,391770
513,9,46,551,900,3355,4354,9024,124607
514,1,19,45,169,301,426,596,1552,1815,3860,7478,7736,36631,62496
515,2,4,25,144,515,725,973,3428,4242,253652
516,2,5,6,11,38,53,74,254,355,370,741,870,1973,2734,3806,5889,38004,40622,77800,98811
517,2,6,35,52,79,147,158,1328,2018,3908,5237,6141,7706,23706,50682,467152
518,2,4,17,28,191,223,539,852,983,2376,2937,3892,4022,8474,21121,43806,55019
519,2,3,4,12,37,38,75,120,124,137,162,278,570,642,1611,1960,3100,5650,35256,55792,110743,127714
520,19,22,1314,1406,1497,3190,3271,19125,152294,302408
521,24,37,131,611,14561,17087,22781,287866
522,3,7,13,222,233,314,5538,7093,24546,26863,56727
523,3,6,261,1363,28671,56906,209407
524,1,4,8,71,351,447,482,596,5391,19158,21554,22196,31757,32623,46192
525,4,1771,15639,25928,34363
526,2,3,6,30,58,252,279,301,810,878,885,1549,5267,5705,7680,10354,11820,12253,51493,79216,177273
527,1,2,5,7,25,28,42,277,690,981,1508,1889,2739,5838,8446,8535,11369,12004,13532,64894,128380,199251
528,1,97,227,383,479,1155,2060,68905,73028,84751,288946,288947,288948
529,1,3,6,43,151,526,778,827,3113,3306,3817,6987,9756,18602,55321,114003,228439
530,1,2,5,7,75,263,1093,1201,1706,1873,2211,10579,33158,60957,90888,165705,402831
531,1,8,32,145,279,577,627,1276,1672,2030,2636,3093,5009,13288,27839,129868,156518
532,24,27,159,165,420,601,748,850,1184,1188,6881,11559,14757,19444,34377,239199
533,45,204,451,9963,25059,29416,72692,167364,167365
534,2,24,97,699,1726,2967,4368,5490,9763,19964,54112
535,3,5,32,94,418,646,932,3355,6263,32539
536,8,323,504,1528,1673,2015,5337,6456,8952,13625,27743,193021,295247
537,10,22,36,70,82,222,430,559,852,3510,3891,5213,52887
538,4,9,27,143,507,1208,2134,2815,3649,6875,8318,26330
539,2,10,16,212,249,539,933,2680,3185,22108,41677,220522
540,2,13,17,77,98,181,214,329,552,574,1418,1944,2560,3109,3119,3846,8078,9755,10147,41478,92200
541,102,739,1019,1087,7479,11056,42536
542,3,28,48,74,171,291,357,403,700,983,2135,3179,6519,11022,12055,502451
543,3,4,28,732,1937,2886,3264,3463,3965,4329,4878,7097,9005,9881,9967,12136,13727,14574,24307,25005,26644,28024,30327,46584,196500,306122
544,2,34,37,340,373,1188,1309,2910,12395,12582,13448,28647,37216,46644,101385
545,145,678,735,840,2666,17251,58452,65536,93925
546,1,2,125,304,346,1164,7080,8315,15556,32813,34587,99305
547,1,3,5,134,147,399,3573,3600,3640,22030,57775,61613
548,5,6,349,368,514,1516,2879,6439,6556,8662,9648,20532,20597,34330
549,3,8,29,55,57,73,191,249,376,1105,1184,1507,17167,22539,46228,96148,119976
550,1,3,4,827,833,1365,1767,2798,6002,12973,14479,29412,59819
551,5,22,24,65,82,225,349,828,1345,1812,1834,2216,2402,4180,5507,5977,6551,12753,75729,120306
552,4,12,228,356,457,1118,1248,29721,49507,51969,61851,238790,285555
553,5,7,21,103,494,743,1433,17625,19976,20178,29948,86045,398057
554,1,48,231,750,827,1561,2122,7945,8256,63946,354378
555,2,3,14,22,478,775,1299,3503,5214,11940,13538,17879,20484,26046,38299
556,2,114,238,725,2157,2664,4192,4524,4953,13931,32822,40377,84566,336903
557,3,20,179,258,430,628,8970,55605,484173
558,3,126,3310,3311,3916,25006,457661
559,2,38,249,339,361,710,1131,3205,9513,10678,14272,25783,63276,92631,420697,420702
560,3,23,49,108,238,600,626,767,1364,2576,3390,3580,11061,11808,45234,51169,205695
561,29,30,63,146,185,885,1653,2245,6682,6751,9186,10103,15139,49819,79546,212754
562,1,3,5,6,8,54,500,550,697,757,1382,1622,2122,3053,6963,24269,28525,45756,49596
563,7,10,12,22,83,133,141,588,611,4453,5561,5669,13164,23999,51459,59591,175617
564,101,191,964,2541,2751,16237
565,2,4,676,2981,3120,4789,6118,10983,42712,121170,261234
566,5,23,79,85,920,1458,2473,2673,3885,4999,15830,46985,194848
567,1,3,11,23,36,38,69,196,244,469,485,558,1996,2125,19985,30553
568,5,12,45,49,85,88,198,499,527,712,1442,1947,2645,7487,15066,115006,121737
569,2,4,60,88,696,2068,2202,5280,10341,11398,12762,20299,63623
570,1,3,5,7,13,289,313,359,367,447,1055,6807,8054,10037,16017
571,2,44,75,141,188,374,458,590,713,907,4367,6021,21630,382340,382345
572,5,31,38,149,615,707,3498,5734,6069,6310,8976,22128,85747,130746
573,21,56,132,240,619,1183,1281,4378,34081,76539,82178
574,3,5,6,33,85,130,220,315,916,1147,1957,2976,2997,3739,15387,62923,111892,111905,167429,427203
575,3,12,87,244,901,1541
576,3,25,104,473,576,778,840,135593
577,11,44,230,968,1425,1615,1731,1850,3515,3613,3633,6435,19457,64841,70041
578,1,6,31,45,150,459,2368,4518,10662,23831
579,1,4,11,40,76,78,103,296,673,762,783,1005,1142,1297,1486,1682,2538,3324,12498,25315,36006,74939,130350,135045,234302
580,1,6,77,267,421,939,4867,51528,129225,226267
581,19,62,201,1680,2051
582,5,7,11,28,39,42,863,1290,1617,2541,4435,7757,22739,55311
583,1,5,10,66,1349,2060,2764,3282,8119,14249,34115,39285,39896
584,2,6,36,180,308,1460,2026,10288,11548,12584,14190,17176,58558,70670,101418,135903
585,1,2,58,450,778,2531,3002,3876,26099
586,1,3,5,6,7,12,19,21,25,36,76,77,81,113,132,153,240,387,438,553,607,694,883,930,1445,1530,2052,4007,4960,14331,26898,55831,89236
587,6,8,9,10,11,47,57,64,81,271,1996,2885,4078,5175,35351,48773,52449
588,8,18,75,116,576,1306,7110,12777,56550,85015
589,12,148,1206,1586,1804,2289,7477,10776,24012,108936
590,1,6,10,151,1310,3258,4545,4901,5877,11256,11309,41867
591,5,7,55,71,111,266,331,643,2209,6595,16596,40514
592,10,54,192,411,1064,2206,2719,4846,9709,25271
593,3,14,17,42,55,391,536,968,1927,3246,5945,11298,71857,185422
594,8,13,221,4788,7967,7985,18559,221657,238130,396814
595,210,576,1291,3211,9184,13305,18119,23312,31620
596,4,10,11,27,28,194,204,276,690,875,950,958,1939,6575,112286
597,37,174,297,996,3174,4707,6107,12014,39482
598,2,4,11,97,108,154,321,989,2876,3556,6403,7711,11276
599,2,4,8,43,50,97,267,872,1125,4720,5601,15530,474000,474007
600,12,42,73,74,87,188,518,1623,1686,2825,3870,4613,47997,63653
601,4,16,18,72,625,1294,12145,15032,17999,446077
602,1,55,67,104,380,439,2065,5600,8146,8800,20710,24006
603,4,32,441,1174,1944,8906,9205,27238
604,2,8,21,76,95,121,132,225,398,678,1526,1771,1915,2440,3514,4273,4667,5710,7620,13574,31034
605,1,5,7,12,72,85,102,110,124,142,194,700,934,940,1098,1150,1871,8338,10964,68953,289783
606,2,4,5,6,12,21,41,56,61,196,204,227,254,333,480,684,1368,1516,3779,5936,6349,10177,16363,120286,161939
607,3,10,207,703,830,888,1240,1384,1971,2111,10578,11722,71850
608,3,4,10,111,135,193,313,1594,3145,3833,5277,71121,72682
609,58,72,146,158,161,332,808,1487,7361,26285,32242,74310,235125,477883,477884
610,146,2766,8206,11088,12600,15724
611,2,28,74,195,217,245,931,1136,2441,3339,39205,82566,101837,122559
612,2,5,6,7,11,21,103,407,486,643,2184,3305,6011,23607,61360,480215,480216
613,11,29,44,102,205,242,879,2485,3812,14338,26234,36279,175480,214558
614,1,27,48,58,247,1444,3981,5401,15106,44495,186641
615,45,58,289,359,498,1261,1524,8054,8511,8836,14422,14684,17058,67498
616,1,5,6,8,14,102,114,494,587,649,1094,1171,1437,1457,32342,175195
617,2,3,5,8,30,45,129,1419,1569,1880,2698,3952,4826,7863,17951,26226,98348
618,11,47,434,1647,1979,5747,6589,7318,22502,46764,57997,278668
619,3,5,55,65,82,448,594,713,993,1284,1625,1696,2507,7617,11748,46309
620,1,3,13,48,119,551,5828,7344,7594,10932,12196,52318,92002,110461,222407
621,1,2,4,8,16,40,112,152,180,290,352,980,1238,7561,7849,20830,68793,81118,87488,238330,499773
622,1,6,7,143,348,1379,3244,3319,7018,8076,10437,21476,21516,123751,365205
623,4,10,16,31,826,929,1360,9655,11474,14967,19721,31588,68953,70606,174802,479568
624,10,182,410,1884,2882,4677,7750,9721,9781,10440
625,2,96,909,1490,3098,7246,10955,68418
626,3,196,452,469,4251,6865,14162,46252,146212
627,161,1870,9931,15926,20422,20660
628,1,6,8,31,37,41,50,56,109,135,193,315,492,827,2475,3128,4325,6895,7052,13573,20442,97825,296857
629,7,9,25,41,49,154,409,533,746,1710,1782,2252,7021,10211,10491,51690
630,15,28,107,116,491,547,1078,2452,2869,12980,20485,70010,441000
631,2,4,16,21,92,118,206,1162,2230,4686,43443,59195,119584,176707,433884
632,2,3,26,79,94,476,569,645,780,10909,15735,24202,36395,131539
633,10,34,41,45,269,447,686,868,3191,5151,7595,8050,16960,260673
634,19,152,168,299,370,504,551,785,2500,4497,8004,17109,70681,74675,96389
635,106,217,256,2985,7124,7816,10888,10981,12187,17387,40045
636,2,4,9,41,42,381,512,551,956,1746,1776,2153,5447,12954,17684,26135,31779,46403,62836,65366,90365
637,10,20,29,41,53,200,362,396,454,695,3331,3767,6182,8145,28159,46385,365027
638,2,5,6,7,9,10,15,16,51,81,135,328,542,939,2347,4140,5126,5883,6545,7044,7373,8582,12322,12343,13544,25478,78181
639,6,12,14,22,25,1633,2603,2809,6446,11317,17227,17572,47343,54401,62495
640,4,5,61,404,686,1709,4651,4905,8051,21966,26842,98074
641,38,50,131,332,996,1003,6755,10188,22809,28737,36312,38647,70476,94337
642,1,3,5,7,8,25,168,203,315,474,475,499,686,1279,2426,4316,8842,24321,25002,48344
643,2,3,12,14,15,53,67,69,110,164,219,352,470,590,1008,1178,3004,4196,4241,4914,6092,26992,57696,112625,123707,170138,497864
644,1,6,7,9,20,21,42,52,105,8174,23724,32416,116790,391397
645,3,11,107,272,678,2223,2859,8618,282961
646,4,7,215,292,659,677,6480,8382,13129,19254
647,1,8,9,18,93,133,166,276,352,10417,31277
648,2,4,6,39,41,98,334,574,1023,1160,11003,20330,25869
649,21,960,1190,2037,5245,7165,15526,62356,67966
650,2,3,24,25,41,58,71,78,209,955,1076,1569,2808,3418,13316,13908,25086,29620,44773
651,5,6,28,96,152,189,204,241,265,386,1200,1644,2029,2380,6442,26962,51471,64737
652,1,2,3,23,70,303,646,1077,3511,10224,15376,19820,26266,33636,83425
653,1,7,130,569,681,1215,1327,2213,3307,7330,18920,20363,25894
654,1,3,4,5,369,912,2622,4347,18089,31443,88683,106323,460886
655,616,996,1390,12600,49383,149434,224372,232742
656,2,4,5,70,829,1724,1922,6807,18020,38105,425295
657,89,560,654,808,5676,13967,27625,77166,143055,161410,365773
658,1,2,7,11,48,50,104,118,127,249,480,628,691,857,1125,1411,3529,3547,5683,22840,36483,41752,64541,165795,477261,477262
659,1,2,13,14,18,42,46,155,211,1915,3287,14912
660,4,8,9,88,203,283,590,672,905,2059,8231,26410,51843
661,1,13,92,564,47241,52558,80891,464927,464928
662,19,41,192,221,260,562,1296,2676,8844,151832,151837
663,4,6,7,9,11,21,38,44,47,56,75,76,132,173,210,240,245,769,798,970,1119,1170,1885,1966,2034,2232,4288,11452,31080,36754,42802,51868,57937,70765,93146,110156,216337,447431
664,1,6,11,31,44,217,549,4289,4324,5574,11248,24779,53665,75670
665,5,150,224,274,724,759,1061,1480,2876,3027,3178,4349,7703,8101,8806,10977,15777,16411
666,39,122,617,771,25888,55331,138920,172784
667,1,2,3,6,7,31,115,216,350,359,2213,3016,3435,4039,11594,34713,36781
668,1,3,12,26,35,38,41,48,102,144,276,988,1755,2134,2532,2961,8105,9275,11758,16345,23573,27522,28820,30353,116207,167678,223381,430908,430909
669,1,13,21,27,28,43,56,76,78,129,132,183,248,334,350,354,387,486,798,883,930,1049,1064,1966,2285,5177,5452,6030,13203,20002,33182,33298,33558,36802,67176,141384,163621
670,1,224,320,350,494,573,616,747,1086,4660,7362,7588,11690,21189,115041
671,2,3,5,7,137,244,405,611,956,1157,1301,1931,2316,3141,3289,5787,23560,184266,184273
672,2,13,28,100,153,392,488,608,1539,1745,20984,35911,63921,86747,107415,184382
673,1,2,20,122,156,159,533,609,747,774,788,2506,4723,7124,9296,10881,19877,33526,39211
674,251,979,1702,14813,86344,296044
675,1,6,9,12,14,16,30,41,87,93,127,138,392,843,1921,3295,13525,15634,18122,21668,23644,171130,205736
676,2,16,21,55,185,364,1419,4048,4313,18665,19226,66145
677,1,3,6,15,22,24,80,108,497,692,1110,1127,1318,1413,5983,6346,8665,8705,15817,83289,131904,367126
678,1,7,24,191,213,583,612,1132,1649,2181,3033,6451,75704
679,642,643,913,1872,23387
680,1,36,85,367,692,1303,4164,4751,5118,10962,54390,61012
681,1,35,147,267,481,913,1123,1137,1508,2192,3113,4160,6261,7978,9351,10925,23847,37819,37828
682,4,98,247,382,625,784,1459,3058,5365,13407,15525
683,3,8,17,62,75,740,766,1359,1503,1837,3903,4129,21790,153243,470858
684,1,6,14,16,43,70,83,299,311,348,605,610,628,1770,2308,2318,3304,7513,52611,130654
685,2,4,12,300,548,815,1178,2865,3243,7699,7869,10695,18608,57641,75049,155885
686,49,64,212,839,2451,2643,3300,3932,5345,7964,8882,21994,50955
687,5,6,300,661,965,3943,11254,14576,30948,31880,63676,292209
688,2,8,37,42,57,141,289,323,517,1096,1408,2478,9809,57805
689,2,16,21,855,1766,5256,5773,6830,17122,60127,194607
690,7,17,59,67,77,112,187,214,1843,2047,2565,2774,12651,17679,26873,62689
691,8,12,14,60,64,158,1268,2099,15211,15454,24299,29239,44055,59388
692,2,24,67,142,329,1690,14691
693,17,24,27,449,2905,6888,7974,8455,8833,10993,18273,18537,26504
694,2,101,215,245,595,703,8839,13287,25436,29295,59173,69107,90195,127217,355557,355558
695,5,10,24,37,558,676,811,1007,1846,3091,3978,7453,9939,20811,22331
696,2,3,53,55,387,670,1753,2062,2820,4093,6634,14248,21361,45902,429951
697,2,4,7,15,21,132,196,240,256,1165,2126,2490,3896,4007,4294,8173,8622,9935,11878,12231,17830,18053
698,178,537,969,977,4930,10895,16103
699,1,7,27,49,215,224,418,592,3166,12081,16604,23867,77570,355339,355340
700,3,6,49,310,344,2635,2891,2971,6915,7975,9912,107377,131953,210707
701,1,12,227,240,1140,1286,2268,3334,3915,4000,8711,15655,45981,45982,140337
702,1,35,48,238,410,494,834,1337,2369,2572,3100,7120,64315
703,3,4,48,60,88,197,820,1720,2292,2589,2905,6488,13863,54912
704,247,1915,1979,2226,2638,186402,278744
705,6,21,121,317,767,1265,2308,6124,6403,25270,28336,34820,59255,319859,319862
706,30,37,131,161,174,297,621,14770,17848,21569,33813,40073,62480,352230,352232,352233
707,1,2,4,7,9,28,111,168,439,534,1877,2567,3280,5926,7849,15098,35913,218785,390928
708,21,37,58,161,333,1746,3134,3919,5903,8798,12016,12875,20807,36301,47316,55548,457368
709,3,43,62,610,712,1000,2172,3471,6903,14725
710,1,11,54,104,370,404,854,903,1246,1302,1921,5837,31120
711,2,36,62,412,737,1325,1951,2120,4280,5626,9664,24674,75096,75097,111194,156178
712,1,4,17,23,87,95,120,283,351,384,5774,13636,14896,16497,132228
713,1,5,36,41,158,318,783,1340,2596,2641,12432,23626
714,2,170,232,894,2401,4093,8612,16414,22424,26645,27232,68969
715,2,33,78,188,392,574,764,2387,7772,27282,27283,37116,134810
716,2,14,23,48,58,61,669,905,2122,2964,11712,11846,57818
717,1,5,7,15,57,76,104,121,225,277,420,601,664,667,776,1082,4368,4624,5131
718,2,119,262,265,338,1640,6604,90309
719,2,25,41,79,207,409,1631,6129,7766,8128,25176,38543,69952
720,22,46,94,107,109,780,2197,27596
721,5,6,7,19,66,67,110,382,475,555,1179,262991
722,5,15,30,66,74,316,2009,2240,3788,4222,4909,5935,6237,16492,43520,43534,54024
723,7,25,143,619,1012,1429,2904,3162,3334,4069,4184,5136,6222,21542,30571,181202
724,5,7,55,124,141,423,1503,3286,3997,4354,9383
725,16,23,30,54,111,210,824,2341,2377,4110,11855,20814,128654
726,2,13,16,27,38,64,143,144,663,3898,5512,5688,10499,19453,23935,47879,85221
727,49,136,157,595,770,1630,4312,4694,7568,10161,12010,27483,40267,44110,116782,396113
728,39,46,99,879,1255,3396,4135,5814
729,1,35,49,1379,2620,4907,22854,39247,145821,272718
730,2,3,6,26,47,314,466,708,920,1378,1699,2403,7902,8201,62965,109100,125088
731,3,71,812,1276,1418,23455,25210,57991,90038,149620
732,23,45,1921,21837,45354
733,2,4,5,118,120,207,241,982,1145,22819,49251,65260,228430
734,1,15,34,50,160,248,302,817,5562,7562,9248
735,1,6,8,13,31,33,205,216,257,1338,1504,1894,9097,17466,40616,50207
736,2,5,12,17,213,384,542,861,1080,1574,1749,2730,4101,4151,57508,359458
737,3,27,70,217,5830,23953
738,3,60,2303,3467,4193,30363
739,2,26,97,301,443,600,844,7399,11139,20035,44966,75352,223528
740,3,8,41,57,68,160,14860,407651
741,10,11,60,142,155,213,272,313,933,1160,4132,6938,14898,18229,18230,20291,20292,46283,93877
742,23,58,145,247,1736,4367,11319,17876
743,1,2,3,5,6,26,38,64,80,250,486,702,2865,3319,14096,41120,45341,58872,63588,205165,205166,335663
744,5,63,405,672,727,2438,4497,7934
745,2,4,8,22,30,144,515,973,1816,3727,4229,4873,5038,13404,31351,37557,46053,166434,487129
746,2,10,15,40,59,69,175,209,219,470,493,1666,2625,2792,29913,38122,81031,88173,491920
747,1,2,4,6,20,44,60,232,775,997,1058,1168,1572
748,1,2,4,33,85,215,246,622,816,1121,1479,2619,4390,11861,34282,70696
749,1,3,13,30,43,176,500,753,1399,3354,5233,11144,22776,53003
750,3,5,14,114,141,321,423,425,889,3082,4614,5858,7961,20317,30481,31774,32597,81749,81750,122027
751,1,3,5,6,25,26,552,2085,15494,56548,69318,95238,197978,216935
752,1,3,22,33,167,642,834,1077,1218,1704,3060,3393,12682,38279,42459,106887
753,3,17,27,170,231,352,974,1393,2695,3254,4665,5161,41556
754,1,4,43,964,1552,27853,121485,458106
755,1,5,6,60,475,974,1517,4491,5128,5206,7997,18229,18230,35365,47009,48753,133480,164413
756,2,4,8,23,211,1109,1378,1555,2137,9994
757,1,2,18,32,36,513,627,2560,3109,17760,20998,36471,54263
758,1,3,53,172,1293,2606,5594,30329,36459,45973
759,29,645,795,1687,3664,71464,108739
760,10,26,217,247,944,1590,1633,2051,8570,10873,81676,83037,457411
761,2,15,30,56,103,141,216,257,623,745,762,1909,2382,3263,5380,9272,10825,27981,44596
762,1,21,30,367,507,1259,2001,2651,3941,13525,32883,38556,337366,337369
763,6,24,50,67,189,209,256,3372,4391,4673,4907,6155,7415,10474,75429
764,1,3,7,14,25,39,60,179,3021,4755,6481,12556,15784,27816,36916
765,2,486,1339,4219,6617,7848,9402,19415,67565
766,1,5,7,105,106,244,4905,9637,18446,19363,190634
767,1,13,541,1235,1254,2972,21411
768,2,4,106,107,220,241,2349,13095,80731,97819,514961
769,2,311,597,811,1041,1487,1701,3770,10173,25217,32162,124724,466408
770,2,28,50,55,81,129,571,1663,1982,2258,3951,4155,19163
771,3,12,17,18,34,196,320,337,420,601,602,664,931,1012,1429,1490,1791,2777,4283,5614,7611,9722,24117
772,4,28,35,116,675,783,921,1130,1290,1902,3050,3153,133058,133059
773,3,31,149,3426,13900,19525,19872,70284,240523
774,43,131,161,6999,7051,10623,12215,26233,513229,513236
775,1,4,291,1232,2488,4156,11533,210029
776,11,193,205,712,1624,3209,3439,4445,13608,16391,27207
777,2,3,4,23,55,78,105,172,1131,1774,2180,3365,4648,10968,11683,23804,26710,32274,45492,86525,165982
778,3,4,47,122,345,487,519,544,599,1838,3168,5817,512040,512049
779,1,3,7,9,10,93,154,996,1351,1367,1473,3500,3585,4347,4682,5941,6130,11284,13010,36440,51795,62272,375622,375623
780,3,5,16,36,43,70,130,134,155,227,474,540,4381,7959,14548,24845,27134,38674,63809,65156,213490
781,1,5,6,42,474,1577,1592,3259,9359,9852
782,10,18,78,364,603,9605,18408,109065
783,3,5,50,75,78,173,437,820,1063,2185,2214,2310,2804,5568,8384,19752
784,2,18,24,167,444,945,1110,1155,3497,31697,31698,325047,325050
785,3,32,33,45,809,1593,5434,58572,194963
786,2,77,78,151,434,935,1610,1619,1907,1923,2083,2350,2774,4496,10306,23812,23830,42567,45471,57676,469191
787,4,7,83,124,201,375,712,969,1081,21285,55648,93209,140639,248545
788,2,40,337,625,791,813,848,2671,29885,47760,241973
789,3,34,104,169,2933,6863,20939,213891
790,30,89,161,250,432,808,1069,1108,5798,8491,13454,27620,49549,84221,225073,499478,499487,499488
791,1,3,4,9,114,252,310,389,435,772,1116,1308,3274,15723
792,13,15,21,174,540,5346,242407,242408
793,2,4,7,28,49,55,81,100,116,118,283,355,361,3965,4430,436896
794,1,3,14,36,39,63,92,96,404,458,1244,21445,129470
795,12,26,27,298,994,1057,20605,22236,35297,194582
796,1,4,5,10,20,39,55,85,142,153,329,338,1062,1073,1765,5476,5849,5878,6438,175887
797,14,1476,2200,20490,28353
798,1,10,47,186,918,1212,1215,2148,3361,3477,3481,75543,80415
799,1,3,6,11,15,47,53,249,287,324,871,1612,1696,2396,3053,5921,9399,40676,85016
800,1,7,17,24,42,505,815,918,1094,1538,19343,30424,39552
801,6,9,10,198,755,4410,5013,12273,152382,489238
802,6,21,56,586,639,1027,1772,3448,3836,4307,7186,9798,10317,13140,15062,18029,72780
803,2,31,33,96,177,220,1239,1657,1832,6604,6736,19270,89161,171345
804,1,6,7,13,16,28,36,102,109,126,313,1296,2125,2217,7007,15866,32344
805,1,3,10,37,45,718,2484,3415,3422,6224,6427,7450,10262,27610,53292,120087,142058
806,1,7,148,166,498,611,1056,1468,6767,14422,23932,55236
807,741,824,7490,13575,65623
808,2,20,67,69,72,177,361,460,1505,3085,3692,18536,19458,31156,45069,49358
809,2,3,187,661,775,1402,1877,3129,14167,27059,35219,50405
810,1,3,6,10,13,28,42,66,67,119,186,189,194,2177,7717,8056,21168,110016,139107,173066,512637,512638
811,1,5,15,34,107,2423,2577,2589,4787,7586,36298,88153,319307
812,92,163,253,1571,1625,4412
813,2,4,6,7,11,24,40,44,112,203,334,514,769,843,1821,2199,3881,37479,117715
814,8,27,32,37,41,50,161,174,297,332,23726,43688,58228,89204,116385,154860,320177,320178,320179,320180
815,2,55,135,171,364,365,724,1044,1700,10431,344600
816,8,207,1810,3859,6904,8645,9069,479561
817,2,45,366,376,402,477,649,1120,1983,8076,10068,12806,35613,81747,358279
818,2,64,110,126,129,302,448,824,1749,2124,2377,3753,7718,9453,11019,11095,51437,62906
819,5,182,186,644,2132,2951,3428,5700,7212,8107,9117,11650
820,1,13,19,41,896,2134,4890,6541,18328,22284,24561,27870,68647,187726
821,1444,2575,2883,9176,17240
822,2,3,4,11,22,28,44,72,212,286,354,565,2972,6020,6662,13561,154722
823,3,5,9,10,81,207,458,939,1021,2245,3415,4817,6966,10257,12521,51071
824,2,4,8,79,276,1763,4320
825,4,13,28,447,496,503,749,1249,1271,2077,2585,3111,7401,20185,21050
826,5,7,17,25,45,107,312,491,783,3984,4125,9994,25879,25926,70714
827,1,2,20,24,55,245,351,595,773,2311,3279,5208,75311,459270
828,2,16,246,430,509,571,620,739,1058,5736,7219,21654,33784,107520
829,2,42,235,324,361,406,514,4552,6923,21116,61457,355819
830,9,65,100,181,950,2266,6019,6919,9914,18825,103119,408365,408366
831,1,3,5,27,50,89,948,1801,6849,10946,16667,19768,38500,120290
832,1,6,11,15,285,362,494,1830,2375,3925,6092,8756,24193,26176,28869,65994
833,8,24,49,96,97,189,238,308,493,831,1014,1422,2234,2252,7360,7557,8266
834,3,7,154,249,282,1204,1602,1782,4290,4366,6495,7768,29740,41049,78816,116440,204555,204564
835,6,471,475,596,1282,3053,3080,3124,8867,58584
836,2,3,6,47,51,61,67,112,164,173,175,359,827,1500,10996
837,4,24,40,166,243,503,511,655,1056,1249,1348,1623,3588,3932,5623,7283,7419,10160,465291
838,2,8,13,50,99,115,373,437,482,1429,2217,7422,48360,93999
839,2,26,33,34,180,229,6637,8016,10372,12329
840,2,6,43,675,881,1716,3842,5637,11836,14179,52438,65227,82121,124118,236924
841,30,37,41,50,578,15130,18365,18673,84249,118459,118461,246497
842,2,7,101,184,514,608,1007,34255,34548,148935
843,6,26,32,43,136,403,1081,6380,7985,15962,80915
844,1,5,6,7,28,55,386,1157,1236,1684,3399,13504,15347,50931,54780,209816
845,6,31,39,72,272,314,519,582,593,748,845,847,5303,6421,16077,18221,323228,323231
846,1,4,36,64,127,227,387,482,777,7208,8215,9676,30537,80009
847,29,30,196,205,452,469,5023,6289,10452,97113
848,1,6,14,31,43,50,121,575,3379,6424,8345,72360,78081
849,5,6,31,163,740,2558,4521,4648,5273,7973,10688,14054,21665,28170
850,4,5,6,31,133,777,833,1603,4343,9804
851,3,18,34,49,54,304,443,818,1421,2649,2935,3093,6867,7233,75528,79651,130129
852,4,9,12,52,135,145,365,553,2557,3336,7474,10011,50775,66214,380744
853,1,18,24,32,36,63,181,501,1030,1344,1582,7533,20015,35394,91001,160964
854,3729,4037,11160,15388,18794
855,1,11,18,24,159,613,683,1105,1219,3648,3688,5768,5969,7865,14504,17565
856,10,77,1782,3679,3993,4933,6178,7643,10149,18478,112661,112829,112830,233033
857,11,14,16,96,99,108,110,600,1012,2165,2542,2559,4203,11780,49604,60220,444659
858,1,7,10,48,182,196,410,452,484,628,2787,5527,5531,6822,7335,15453,15507,15917,29084,36304,67892,84196,137453
859,9,15,20,29,32,52,199,399,632,1876,2517,3581
860,2,4,30,43,339,667,676,950,1317,6620,12410,20575,28097,41211,169519
861,1,3,42,159,179,290,383,687,2182,3693,17796,148795,445392
862,6,19,56,113,9041,10407,12072,27275,83193,93526,456643,456644
863,5,6,59,552,661,743,1207,2726,5865,9149,9422,16618,66448,373969,373972
864,2,3,10,63,372,387,427,433,509,620,710,762,776,4007,5373,9893,11606,13756,15484,18460
865,1,2,20,22,26,59,75,166,516,787,927,1271,2360,13470
866,5,6,141,833,940,1904,6163,10548,27751
867,299,425,6522,15037
868,10,19,25,111,329,542,4079,11029,15845,16047,80826,352999
869,2,15,21,557,634,641,859,1015,1020,1630,4305,7392,7560,9861,11232,23508,25562,90252,116877,116878
870,2,7,43,45,74,148,195,467,1056,1313,1651,1992,6353,63769,169902
871,1,3,5,18,20,25,39,108,138,164,170,264,322,547,615,760,978,1151,2513,2709,8026,12002,22863,103041
872,10,70,362,841,3638,5363,6203,8909,12027,26789,31805
873,1,4,5,6,9,62,188,481,488,1242,1591,3188,3296,4414,4996,27433,77879,230687
874,1,7,13,143,4206,4922,11290,22544,62969
875,24,116,294,6956,8804,17791
876,2,4,14,525,973,1166,2132,2404,5072,12763,13339,26882,126186
877,3,5,9,277,513,913,1298,2717,2746,3285,5714,7159,14502,23515,105305
878,3,130,289,1071,1352,2319,2457,4147,11619,12985,20182,74536
879,3,26,39,2303,2869,3216,8470,230394,441416
880,3,459,2190,10477,16529,21719,29799,51009
881,4,2618,5851,15299,124719,219819
882,3,5,17,238,493,1057,3793,5707,8819,25098,30777,77140
883,3,8,17,61,80,153,179,266,419,591,619,775,2070,3820,6563,25032,47841,155555
884,37,38,43,476,488,611,718,1334,2267,2281,2989,6812,9214,17868,74486,229448
885,2,31,171,186,1310,2568,3008,22567,62161,193357,296252
886,5,7,67,75,111,124,1305,1315,2345
887,1,6,31,66,157,325,2060,8905,27300,106667,181928,190332
888,2,8,11,16,108,606,1446,2572,3102,4287,7140,7725,25595,46039,54378,137032,367115
889,8,9,52,262,380,618,17148,18008,30021,31018,223201,403226
890,8,14,91,123,178,596,1394,2396,136923
891,8,21,22,56,678,780,798,1966,1976,2395
892,1,2642,3989,22421,96811,124822
893,385,1221,14658,15655,67496,121358
894,2,4,5,6,7,17,69,75,181,207,261,442,458,888,934,1590,1829,1995,2413,2549,2594,3529,24828,62257
895,3,11,42,51,57,95,131,737,742,760,898,1390,2795,6090,7570,33417
896,2,3,4,61,70,71,151,194,691,887,4957,5670,8997,12575,48251,165034,169393,210832,474057
897,3,16,30,172,228,366,845,1017,1204,2909,7716,8725,15013,336184
898,1,2,6,7,16,22,30,42,52,226,393,459,517,1121,1376,1466,1527,1606,1624,2012,2384,2616,4317,7136,9309,10450,21309,23531,26569,46768,74568,93666,153100,308727,308728
899,79,335,1809,4897,7484,12775,26832,40856,72051
900,1,2,7,30,34,37,97,148,292,323,453,1169,2310,2490,3682,6024,10164,21290,29596,47265,458625
901,3,619,1402,2393,3306,10513,14579
902,5,14,35,65,119,136,186,287,294,298,837,966,1171,2514,9111,16273
903,2,15,27,30,99,127,362,709,717,1412,1419,2275,2357,2493,3803,25320,60639
904,1,5,13,628,683,2451,3078,8260,26301,127750
905,3,10,56,76,352,763,2690,5775,6914,9760,10701,26061,32864,56314
906,2,20,83,185,330,377,517,971,1795,3099,19354,70592,114900
907,2,4,5,10,20,23,51,116,142,149,153,2039,6594,16531,64482,116519
908,1,2,6,7,12,19,29,32,43,54,162,507,872,1009,2586,3597,4137,13855,18760,27469,49699,125036,128270
909,1,7,21,35,52,652,1532,1984,2506,2867,4926,7176,10001,24140,30016,84618,113847,482979
910,1,5,6,22,2547,2916,4178,4332,15562,49891
911,1,3,8,26,42,60,260,464,476,3961,5653,7002,152003,194855
912,3,17,59,80,160,188,403,565,2187,13709,63292
913,4,6,17,82,335,535,599,629,686,868,1022,2176,2328,2386,4553,4751,30689,36372
914,2,62,180,201,232,3639,34753
915,16,628,942,4359,10663,12807
916,2,5,8,19,26,27,78,111,208,235,407,421,625,953,1068,1455,1467,3055,5055,11957,55063
917,60,695,6865,20259,28354
918,2,3,4,19,24,28,42,46,263,714,2162,8805,495994,495995
919,1,10,111,1795,3897,8214,23642,73062,97084
920,3,5,16,518,1088,1904,3458,7254,8612,64601,64602,84597,194435
921,3,6,11,23,25,28,33,57,64,99,266,1027,7196,7236,14507,54572,225839,416065,416070
922,1,3,40,153,194,213,376,501,710,742,6060,6129,9896,10451,26188
923,89,146,168,292,432,808,1636,1887,7482,9148,9586,11477,21965,30567,39572,92644,219062,486298
924,7,10,21,27,35,88,110,144,300,538,721,725,914,988,1343,84651,272830
925,1,17,233,239,1283,2099,18357,33540,50931,139749,450632
926,3,9,52,74,78,191,218,484,860,2027,4260,4268,26892,36809,41493,50503,67225
927,11,39,92,583,1432,3631,4809,6696,10521,41328,90970,180982
928,2,64,79,166,168,244,978,2624,3464,8373,9241,10563
929,3,5,12,111,238,580,1160,1757,2514,5858,8770,13717,16314,38946,50896
930,1,11,24,45,108,308,630,744,945,1473,1679,1947,3069,3960,9316,271867
931,4,58,152,241,1173,1611,2457,4193,5555,13238,23207,32042,38407,219525
932,2,3,22,30,34,50,178,213,424,7090,10092,12485,14751,29731,69186,72628,128787,426558,426561
933,3,5,17,24,176,237,306,392,687,1623,1927,2750,3348,3497,3520,5820,6832,15482,22222,37433,46086,51744
934,86,90,1305,22768
935,1,2,3,7,8,18,41,56,76,87,108,354,425,482,573,769,883,1119,1409,1410,2354,3208,3759,5396,7511,19129,87178,237477
936,86,90,927,12113
937,2,8,45,60,237,241,591,1036,1490,1623,1915,4162,20732
938,2,7,10,22,30,1192,3582,6381,10775,17340,29526,151757
939,32,37,50,465,488,718,3038,3630,3752,9214,14958,35160,43347,65583
940,2,4,258,458,495,728,1023,1426,1614,3546,4448,8218,8757,12199,29823,202116,202117,455396
941,5,6,7,15,48,135,210,481,894,928,2790,4477,4871,12052,12056,16029,16033,19182
942,2,4,69,223,253,347,927,1038,1396,1875,1995,9116,25285,37747,59980
943,1,2,3,4,22,96,118,175,242,392,531,871,1346,1605,2802,4940,5184,9031,10958,13954,16392,27080
944,3,49,158,179,238,712,725,3081,3325,8134,18066,28477,49473,174977
945,2,4,6,16,18,28,31,42,67,98,140,307,689,819,929,1846,2308,61840,107415
946,1,3,4,5,6,134,222,337,352,587,732,1262,1399,3885,4133,5206,5336,5419,6480,10901,13970,52301,160070
947,6,12,17,21,50,237,306,456,652,1955,2559,2806,4358,5168,11779,12429,21108,25244,55689
948,2,4,8,26,84,106,416,659,773,801,4463,7002,13415,17034,35044,422489
949,24,795,995,2936,158854,346029
950,1,13,22,91,137,168,2195,6730,8821,121471
951,3,4,11,44,60,98,115,558,653,871,1852,2028,4941,13047,29776,128719,220125
952,3,6,9,11,14,22,46,54,82,110,209,302,407,723,824,825,1556,1569,2129,4561,5457,5463,43839,74302,88200,292565
953,9,16,19,26,117,186,449,507,835,1009,1425,1586,2703,3721,5185,6191,7368,13468,15416,28146,53942,97696,150917,192840
954,4,38,131,161,9278,27621,118335,118336,139678,245114
955,3,6,11,40,48,181,325,470,598,752,906,1098,1326,1629,15167,58522,67800,82613
956,1,6,10,71,178,651,1052,1399,2423,2852,6006,20168,38219
957,7,10,32,59,92,6052,7036,9012,21407,21738,87416,110662
958,5,6,58,81,103,113,124,331,386,532,540,757,978,1136,2009,2457,5379,12451,28768,28987,54254,237595,504112
959,2,3,9,10,18,64,97,259,443,1409,6586,7680,10608,22070,30253,41079,41248,75462,99861
960,4,52,57,79,276,631,1222,3848,9126,20213,29841
961,11,13,41,192,1792,4573,4592,8874,10334,13020,21119
962,3,8,15,103,113,116,290,314,350,549,667,970,1744,1939,3263,3398,4037,8610,46782,61492
963,17,35,177,197,479,483,1504,7571,10278,31269,103034
964,5,9,10,12,13,21,76,132,976,1246,1297,1682,2228,2652,6548,19335
965,1,3,43,78,105,408,670,793,943,1273,1391,2764,14147,14633,112532,207174,237736,237737,508650
966,2,40,112,510,629,1963,2074,2241,5663,57650,90031
967,3,4,28,30,32,53,119,282,467,684,1204,1834,2181,2390,3210,4247,4255,23204,73719,147676,190620
968,1,2,7,56,67,112,140,264,271,296,1064,1378,1966,9553,15295,32071,32081
969,2,3,8,15,20,32,93,128,230,281,424,543,616,2935,509493,509500
970,1,30,781,1182,1661,2817,2905,3152,3390,4485,5347,5794,5943,9919,13588,18165,50087,139197
971,10,61,216,352,439,1401,1561,3489,50913,63946
972,262,1067,4423,5252,8630,113787
973,2,7,11,25,29,32,34,38,43,46,60,97,293,872,1404,5908,6667,6985,8756,9487,12962,98970,129037,129038,155273,201184
974,22,23,32,46,51,373,513,877,1149,2680,4370,5959,6133
975,9,259,318,62034,136732,168664
976,1,3,14,19,32,41,46,99,402,1792,3210,15400,76512,95257,106987,269938
977,15,82,94,124,338,462,519,599,733,2080,7577,16919,32779,115449,133666,227559,425139
978,1,3,226,663,3533,7619,23065,28670,421595
979,1,4,6,9,40,52,123,553,597,676,843,904,2525,2631,10487,130278
980,4,5,6,13,19,52,83,84,92,163,249,1231,1699,2601,7827,9297,11326,22513,31638,96287
981,43,368,405,584,614,3381,9581,23783,24240,37597
982,3,8,11,216,232,340,723,1522,3103,10839,38859
983,2,3,9,15,32,52,66,142,431,441,1961,2066,3318,5326,6342,10616,10893,26595
984,20,26,95,496,1075,1078,1122,2509,3449,4780,17026
985,4,66,72,101,159,358,449,5956,222619
986,5,7,12,16,19,33,71,73,165,489,640,1539,5693,10826,38875,80485,416505
987,2,7,12,28,42,53,106,208,653,1021,10826,15722
988,9,15,44,95,232,259,350,783,1340,2233,5250,5864,8479,10378,20138,23282,26032,31696,49708,86730
989,3,12,25,64,284,551,1178,1447,1620,6234,7027,10650,15434,16098,16480,17641,36698
990,1,3,5,1384,1881,2292,2670,4074,9723,26658,46395
991,86,90,2510,8637
992,3,5,6,22,24,47,72,77,94,96,129,223,674,1611,2080,14072,29724,32872,32915,39964,445822
993,6,35,40,61,89,464,626,628,718,997,2969,3784,4840,8676,23396
994,1,14,69,77,171,272,1486,3028,5368,24590,39298
995,3,7,11,108,117,143,234,321,494,793,2831,4116,5494,14124,51442,113576,189009,355635
996,8,12,20,30,78,106,1247,2390,3758,4162
997,10,142,613,979,1655,2771,3733,9048,12986,15307,170640,278371
998,1,5,7,19,25,26,32,311,379,744,1310,1600,2806,4188,6525,10227,13371,14559,27209,27918
999,1,3,295,412,1984,2183,2472,3731,5542,8389,19704,21117,33039,62183,118797,212779
1000,1,5,6,31,54,89,353,720,965,7804,8904,13160,16408,420854
